  r          G(r)    dr      dG(r)
  0.010     -2.344   0.0     4.0116
  0.020     -4.402   0.0     7.5323
  0.030     -5.921   0.0    10.1404
  0.040     -6.710   0.0    11.5436
  0.050     -6.661   0.0    11.6256
  0.060     -5.760   0.0    10.4786
  0.070     -4.086   0.0     8.4427
  0.080     -1.802   0.0     6.2346
  0.090      0.869   0.0     5.2215
  0.100      3.671   0.0     6.2983
  0.110      6.344   0.0     8.1941
  0.120      8.655   0.0     9.7019
  0.130     10.423   0.0    10.3408
  0.140     11.539   0.0    10.0293
  0.150     11.970   0.0     8.9784
  0.160     11.761   0.0     7.6907
  0.170     11.020   0.0     6.9223
  0.180      9.904   0.0     7.2111
  0.190      8.592   0.0     8.2265
  0.200      7.263   0.0     9.2316
  0.210      6.073   0.0     9.7339
  0.220      5.138   0.0     9.5737
  0.230      4.521   0.0     8.8747
  0.240      4.235   0.0     8.0091
  0.250      4.241   0.0     7.4982
  0.260      4.467   0.0     7.6801
  0.270      4.816   0.0     8.3699
  0.280      5.191   0.0     9.0824
  0.290      5.507   0.0     9.4360
  0.300      5.704   0.0     9.2900
  0.310      5.754   0.0     8.7438
  0.320      5.665   0.0     8.1010
  0.330      5.475   0.0     7.7565
  0.340      5.242   0.0     7.9332
  0.350      5.028   0.0     8.4779
  0.360      4.892   0.0     9.0246
  0.370      4.873   0.0     9.2749
  0.380      4.980   0.0     9.1213
  0.390      5.191   0.0     8.6592
  0.400      5.453   0.0     8.1514
  0.410      5.691   0.0     7.9121
  0.420      5.813   0.0     8.0924
  0.430      5.734   0.0     8.5501
  0.440      5.382   0.0     8.9875
  0.450      4.712   0.0     9.1645
  0.460      3.718   0.0     9.0026
  0.470      2.433   0.0     8.5985
  0.480      0.930   0.0     8.1858
  0.490     -0.688   0.0     8.0211
  0.500     -2.300   0.0     8.2056
  0.510     -3.782   0.0     8.6026
  0.520     -5.019   0.0     8.9601
  0.530     -5.926   0.0     9.0818
  0.540     -6.451   0.0     8.9133
  0.550     -6.586   0.0     8.5536
  0.560     -6.366   0.0     8.2132
  0.570     -5.860   0.0     8.1037
  0.580     -5.165   0.0     8.2899
  0.590     -4.390   0.0     8.6397
  0.600     -3.643   0.0     8.9354
  0.610     -3.016   0.0     9.0155
  0.620     -2.575   0.0     8.8458
  0.630     -2.352   0.0     8.5264
  0.640     -2.345   0.0     8.2462
  0.650     -2.519   0.0     8.1783
  0.660     -2.815   0.0     8.3583
  0.670     -3.162   0.0     8.6595
  0.680     -3.486   0.0     8.8948
  0.690     -3.723   0.0     8.9337
  0.700     -3.830   0.0     8.7624
  0.710     -3.788   0.0     8.4843
  0.720     -3.606   0.0     8.2700
  0.730     -3.318   0.0     8.2567
  0.740     -2.975   0.0     8.4500
  0.750     -2.639   0.0     8.7220
  0.760     -2.369   0.0     8.9072
  0.770     -2.217   0.0     8.9019
  0.780     -2.213   0.0     8.7112
  0.790     -2.368   0.0     8.4446
  0.800     -2.666   0.0     8.2621
  0.810     -3.071   0.0     8.2779
  0.820     -3.532   0.0     8.4779
  0.830     -3.989   0.0     8.7329
  0.840     -4.384   0.0     8.8916
  0.850     -4.672   0.0     8.8681
  0.860     -4.820   0.0     8.6794
  0.870     -4.819   0.0     8.4358
  0.880     -4.681   0.0     8.2849
  0.890     -4.436   0.0     8.3202
  0.900     -4.126   0.0     8.5148
  0.910     -3.802   0.0     8.7436
  0.920     -3.511   0.0     8.8714
  0.930     -3.294   0.0     8.8288
  0.940     -3.177   0.0     8.6431
  0.950     -3.167   0.0     8.4240
  0.960     -3.257   0.0     8.3050
  0.970     -3.424   0.0     8.3598
  0.980     -3.637   0.0     8.5498
  0.990     -3.859   0.0     8.7544
  1.000     -4.059   0.0     8.8532
  1.010     -4.210   0.0     8.7927
  1.020     -4.301   0.0     8.6095
  1.030     -4.330   0.0     8.4123
  1.040     -4.309   0.0     8.3217
  1.050     -4.258   0.0     8.3937
  1.060     -4.199   0.0     8.5794
  1.070     -4.155   0.0     8.7627
  1.080     -4.139   0.0     8.8366
  1.090     -4.156   0.0     8.7614
  1.100     -4.199   0.0     8.5821
  1.110     -4.250   0.0     8.4055
  1.120     -4.285   0.0     8.3405
  1.130     -4.275   0.0     8.4272
  1.140     -4.200   0.0     8.6088
  1.150     -4.047   0.0     8.7732
  1.160     -3.817   0.0     8.8250
  1.170     -3.528   0.0     8.7358
  1.180     -3.214   0.0     8.5567
  1.190     -2.917   0.0     8.3924
  1.200     -2.687   0.0     8.3418
  1.210     -2.567   0.0     8.4341
  1.220     -2.585   0.0     8.6088
  1.230     -2.747   0.0     8.7603
  1.240     -3.033   0.0     8.8037
  1.250     -3.390   0.0     8.7198
  1.260     -3.736   0.0     8.5614
  1.270     -3.967   0.0     8.4253
  1.280     -3.969   0.0     8.3953
  1.290     -3.629   0.0     8.4872
  1.300     -2.850   0.0     8.6393
  1.310     -1.569   0.0     8.7564
  1.320      0.234   0.0     8.7693
  1.330      2.529   0.0     8.6715
  1.340      5.230   0.0     8.5214
  1.350      8.206   0.0     8.4105
  1.360     11.280   0.0     8.4078
  1.370     14.257   0.0     8.5138
  1.380     16.931   0.0     8.6606
  1.390     19.114   0.0     8.7586
  1.400     20.648   0.0     8.7508
  1.410     21.426   0.0     8.6425
  1.420     21.398   0.0     8.4984
  1.430     20.583   0.0     8.4068
  1.440     19.058   0.0     8.4258
  1.450     16.955   0.0     8.5437
  1.460     14.446   0.0     8.6877
  1.470     11.723   0.0     8.7721
  1.480      8.980   0.0     8.7486
  1.490      6.396   0.0     8.6309
  1.500      4.115   0.0     8.4875
  1.510      2.237   0.0     8.4042
  1.520      0.813   0.0     8.4313
  1.530     -0.158   0.0     8.5501
  1.540     -0.722   0.0     8.6867
  1.550     -0.957   0.0     8.7603
  1.560     -0.966   0.0     8.7301
  1.570     -0.856   0.0     8.6150
  1.580     -0.729   0.0     8.4840
  1.590     -0.668   0.0     8.4163
  1.600     -0.730   0.0     8.4531
  1.610     -0.941   0.0     8.5697
  1.620     -1.299   0.0     8.6936
  1.630     -1.777   0.0     8.7515
  1.640     -2.327   0.0     8.7112
  1.650     -2.897   0.0     8.5974
  1.660     -3.432   0.0     8.4782
  1.670     -3.887   0.0     8.4261
  1.680     -4.230   0.0     8.4723
  1.690     -4.449   0.0     8.5863
  1.700     -4.549   0.0     8.6974
  1.710     -4.551   0.0     8.7401
  1.720     -4.486   0.0     8.6907
  1.730     -4.395   0.0     8.5794
  1.740     -4.313   0.0     8.4731
  1.750     -4.273   0.0     8.4370
  1.760     -4.294   0.0     8.4924
  1.770     -4.387   0.0     8.6037
  1.780     -4.546   0.0     8.7026
  1.790     -4.756   0.0     8.7310
  1.800     -4.994   0.0     8.6736
  1.810     -5.234   0.0     8.5651
  1.820     -5.451   0.0     8.4707
  1.830     -5.624   0.0     8.4478
  1.840     -5.739   0.0     8.5088
  1.850     -5.792   0.0     8.6142
  1.860     -5.789   0.0     8.6987
  1.870     -5.741   0.0     8.7128
  1.880     -5.666   0.0     8.6496
  1.890     -5.583   0.0     8.5481
  1.900     -5.509   0.0     8.4713
  1.910     -5.460   0.0     8.4675
  1.920     -5.443   0.0     8.5395
  1.930     -5.460   0.0     8.6424
  1.940     -5.506   0.0     8.7138
  1.950     -5.570   0.0     8.7114
  1.960     -5.641   0.0     8.6363
  1.970     -5.704   0.0     8.5324
  1.980     -5.747   0.0     8.4614
  1.990     -5.762   0.0     8.4660
  2.000     -5.744   0.0     8.5420
  2.010     -5.695   0.0     8.6419
  2.020     -5.619   0.0     8.7061
  2.030     -5.526   0.0     8.6982
  2.040     -5.428   0.0     8.6250
  2.050     -5.335   0.0     8.5315
  2.060     -5.257   0.0     8.4749
  2.070     -5.202   0.0     8.4896
  2.080     -5.174   0.0     8.5645
  2.090     -5.171   0.0     8.6513
  2.100     -5.188   0.0     8.6963
  2.110     -5.220   0.0     8.6721
  2.120     -5.255   0.0     8.5934
  2.130     -5.283   0.0     8.5082
  2.140     -5.295   0.0     8.4701
  2.150     -5.282   0.0     8.5041
  2.160     -5.238   0.0     8.5902
  2.170     -5.162   0.0     8.6762
  2.180     -5.053   0.0     8.7112
  2.190     -4.915   0.0     8.6745
  2.200     -4.756   0.0     8.5876
  2.210     -4.585   0.0     8.5018
  2.220     -4.413   0.0     8.4690
  2.230     -4.251   0.0     8.5089
  2.240     -4.109   0.0     8.5960
  2.250     -3.993   0.0     8.6770
  2.260     -3.904   0.0     8.7036
  2.270     -3.839   0.0     8.6605
  2.280     -3.784   0.0     8.5733
  2.290     -3.716   0.0     8.4943
  2.300     -3.603   0.0     8.4717
  2.310     -3.404   0.0     8.5193
  2.320     -3.072   0.0     8.6073
  2.330     -2.554   0.0     8.6826
  2.340     -1.799   0.0     8.7007
  2.350     -0.766   0.0     8.6519
  2.360      0.579   0.0     8.5654
  2.370      2.246   0.0     8.4933
  2.380      4.224   0.0     8.4797
  2.390      6.473   0.0     8.5323
  2.400      8.925   0.0     8.6180
  2.410     11.483   0.0     8.6843
  2.420     14.028   0.0     8.6915
  2.430     16.425   0.0     8.6352
  2.440     18.532   0.0     8.5483
  2.450     20.214   0.0     8.4825
  2.460     21.353   0.0     8.4780
  2.470     21.860   0.0     8.5374
  2.480     21.684   0.0     8.6246
  2.490     20.820   0.0     8.6882
  2.500     19.311   0.0     8.6922
  2.510     17.245   0.0     8.6358
  2.520     14.748   0.0     8.5530
  2.530     11.974   0.0     8.4935
  2.540      9.095   0.0     8.4923
  2.550      6.280   0.0     8.5483
  2.560      3.685   0.0     8.6258
  2.570      1.435   0.0     8.6775
  2.580     -0.380   0.0     8.6739
  2.590     -1.718   0.0     8.6188
  2.600     -2.581   0.0     8.5470
  2.610     -3.014   0.0     8.5032
  2.620     -3.097   0.0     8.5145
  2.630     -2.930   0.0     8.5730
  2.640     -2.624   0.0     8.6411
  2.650     -2.286   0.0     8.6764
  2.660     -2.005   0.0     8.6569
  2.670     -1.841   0.0     8.5937
  2.680     -1.823   0.0     8.5247
  2.690     -1.945   0.0     8.4923
  2.700     -2.170   0.0     8.5170
  2.710     -2.435   0.0     8.5837
  2.720     -2.664   0.0     8.6520
  2.730     -2.777   0.0     8.6813
  2.740     -2.701   0.0     8.6549
  2.750     -2.386   0.0     8.5892
  2.760     -1.804   0.0     8.5239
  2.770     -0.962   0.0     8.4990
  2.780      0.106   0.0     8.5293
  2.790      1.334   0.0     8.5952
  2.800      2.638   0.0     8.6553
  2.810      3.921   0.0     8.6729
  2.820      5.084   0.0     8.6371
  2.830      6.037   0.0     8.5693
  2.840      6.707   0.0     8.5110
  2.850      7.044   0.0     8.4987
  2.860      7.027   0.0     8.5408
  2.870      6.661   0.0     8.6118
  2.880      5.980   0.0     8.6689
  2.890      5.038   0.0     8.6777
  2.900      3.902   0.0     8.6328
  2.910      2.651   0.0     8.5603
  2.920      1.362   0.0     8.5036
  2.930      0.107   0.0     8.4971
  2.940     -1.051   0.0     8.5447
  2.950     -2.065   0.0     8.6170
  2.960     -2.904   0.0     8.6702
  2.970     -3.550   0.0     8.6729
  2.980     -4.002   0.0     8.6236
  2.990     -4.272   0.0     8.5519
  3.000     -4.380   0.0     8.5014
  3.010     -4.354   0.0     8.5034
  3.020     -4.227   0.0     8.5568
  3.030     -4.035   0.0     8.6287
  3.040     -3.813   0.0     8.6755
  3.050     -3.596   0.0     8.6688
  3.060     -3.413   0.0     8.6118
  3.070     -3.291   0.0     8.5376
  3.080     -3.249   0.0     8.4907
  3.090     -3.297   0.0     8.5000
  3.100     -3.438   0.0     8.5605
  3.110     -3.664   0.0     8.6364
  3.120     -3.959   0.0     8.6837
  3.130     -4.296   0.0     8.6759
  3.140     -4.645   0.0     8.6187
  3.150     -4.970   0.0     8.5464
  3.160     -5.236   0.0     8.5021
  3.170     -5.415   0.0     8.5122
  3.180     -5.485   0.0     8.5690
  3.190     -5.437   0.0     8.6367
  3.200     -5.275   0.0     8.6735
  3.210     -5.019   0.0     8.6570
  3.220     -4.700   0.0     8.5960
  3.230     -4.360   0.0     8.5262
  3.240     -4.045   0.0     8.4891
  3.250     -3.799   0.0     8.5071
  3.260     -3.660   0.0     8.5695
  3.270     -3.655   0.0     8.6392
  3.280     -3.792   0.0     8.6764
  3.290     -4.061   0.0     8.6616
  3.300     -4.433   0.0     8.6056
  3.310     -4.865   0.0     8.5433
  3.320     -5.302   0.0     8.5127
  3.330     -5.686   0.0     8.5320
  3.340     -5.962   0.0     8.5878
  3.350     -6.086   0.0     8.6446
  3.360     -6.031   0.0     8.6670
  3.370     -5.788   0.0     8.6412
  3.380     -5.374   0.0     8.5818
  3.390     -4.822   0.0     8.5246
  3.400     -4.182   0.0     8.5041
  3.410     -3.513   0.0     8.5332
  3.420     -2.875   0.0     8.5941
  3.430     -2.318   0.0     8.6504
  3.440     -1.882   0.0     8.6690
  3.450     -1.585   0.0     8.6398
  3.460     -1.424   0.0     8.5805
  3.470     -1.378   0.0     8.5265
  3.480     -1.405   0.0     8.5099
  3.490     -1.457   0.0     8.5398
  3.500     -1.480   0.0     8.5967
  3.510     -1.427   0.0     8.6454
  3.520     -1.264   0.0     8.6572
  3.530     -0.974   0.0     8.6260
  3.540     -0.560   0.0     8.5717
  3.550     -0.045   0.0     8.5284
  3.560      0.533   0.0     8.5231
  3.570      1.126   0.0     8.5593
  3.580      1.686   0.0     8.6143
  3.590      2.173   0.0     8.6543
  3.600      2.560   0.0     8.6550
  3.610      2.843   0.0     8.6156
  3.620      3.037   0.0     8.5595
  3.630      3.181   0.0     8.5203
  3.640      3.327   0.0     8.5216
  3.650      3.538   0.0     8.5619
  3.660      3.874   0.0     8.6159
  3.670      4.383   0.0     8.6506
  3.680      5.093   0.0     8.6457
  3.690      6.006   0.0     8.6047
  3.700      7.092   0.0     8.5533
  3.710      8.292   0.0     8.5237
  3.720      9.523   0.0     8.5349
  3.730     10.683   0.0     8.5800
  3.740     11.670   0.0     8.6312
  3.750     12.384   0.0     8.6568
  3.760     12.749   0.0     8.6410
  3.770     12.712   0.0     8.5927
  3.780     12.258   0.0     8.5409
  3.790     11.407   0.0     8.5177
  3.800     10.212   0.0     8.5380
  3.810      8.755   0.0     8.5901
  3.820      7.133   0.0     8.6424
  3.830      5.450   0.0     8.6636
  3.840      3.804   0.0     8.6405
  3.850      2.276   0.0     8.5862
  3.860      0.924   0.0     8.5324
  3.870     -0.221   0.0     8.5113
  3.880     -1.156   0.0     8.5356
  3.890     -1.901   0.0     8.5904
  3.900     -2.493   0.0     8.6425
  3.910     -2.973   0.0     8.6609
  3.920     -3.384   0.0     8.6347
  3.930     -3.756   0.0     8.5795
  3.940     -4.105   0.0     8.5280
  3.950     -4.427   0.0     8.5116
  3.960     -4.704   0.0     8.5404
  3.970     -4.903   0.0     8.5972
  3.980     -4.988   0.0     8.6485
  3.990     -4.927   0.0     8.6645
  4.000     -4.699   0.0     8.6366
  4.010     -4.303   0.0     8.5819
  4.020     -3.757   0.0     8.5328
  4.030     -3.106   0.0     8.5186
  4.040     -2.411   0.0     8.5466
  4.050     -1.744   0.0     8.5985
  4.060     -1.178   0.0     8.6418
  4.070     -0.776   0.0     8.6502
  4.080     -0.582   0.0     8.6188
  4.090     -0.609   0.0     8.5665
  4.100     -0.838   0.0     8.5254
  4.110     -1.214   0.0     8.5211
  4.120     -1.656   0.0     8.5565
  4.130     -2.060   0.0     8.6105
  4.140     -2.315   0.0     8.6510
  4.150     -2.319   0.0     8.6544
  4.160     -1.986   0.0     8.6193
  4.170     -1.267   0.0     8.5671
  4.180     -0.152   0.0     8.5293
  4.190      1.325   0.0     8.5284
  4.200      3.087   0.0     8.5642
  4.210      5.022   0.0     8.6137
  4.220      6.996   0.0     8.6460
  4.230      8.865   0.0     8.6411
  4.240     10.495   0.0     8.6017
  4.250     11.773   0.0     8.5514
  4.260     12.620   0.0     8.5212
  4.270     13.000   0.0     8.5300
  4.280     12.919   0.0     8.5730
  4.290     12.426   0.0     8.6243
  4.300     11.599   0.0     8.6533
  4.310     10.541   0.0     8.6427
  4.320      9.358   0.0     8.5990
  4.330      8.151   0.0     8.5485
  4.340      7.001   0.0     8.5222
  4.350      5.962   0.0     8.5368
  4.360      5.058   0.0     8.5841
  4.370      4.280   0.0     8.6358
  4.380      3.594   0.0     8.6609
  4.390      2.953   0.0     8.6441
  4.400      2.298   0.0     8.5939
  4.410      1.580   0.0     8.5387
  4.420      0.764   0.0     8.5100
  4.430     -0.165   0.0     8.5241
  4.440     -1.195   0.0     8.5720
  4.450     -2.290   0.0     8.6254
  4.460     -3.396   0.0     8.6543
  4.470     -4.447   0.0     8.6439
  4.480     -5.379   0.0     8.6025
  4.490     -6.132   0.0     8.5561
  4.500     -6.669   0.0     8.5326
  4.510     -6.975   0.0     8.5453
  4.520     -7.062   0.0     8.5846
  4.530     -6.968   0.0     8.6249
  4.540     -6.750   0.0     8.6412
  4.550     -6.479   0.0     8.6236
  4.560     -6.227   0.0     8.5832
  4.570     -6.059   0.0     8.5452
  4.580     -6.023   0.0     8.5332
  4.590     -6.143   0.0     8.5545
  4.600     -6.419   0.0     8.5958
  4.610     -6.826   0.0     8.6313
  4.620     -7.317   0.0     8.6393
  4.630     -7.834   0.0     8.6147
  4.640     -8.315   0.0     8.5727
  4.650     -8.703   0.0     8.5391
  4.660     -8.955   0.0     8.5350
  4.670     -9.050   0.0     8.5636
  4.680     -8.988   0.0     8.6077
  4.690     -8.792   0.0     8.6408
  4.700     -8.503   0.0     8.6431
  4.710     -8.170   0.0     8.6131
  4.720     -7.848   0.0     8.5687
  4.730     -7.582   0.0     8.5363
  4.740     -7.402   0.0     8.5354
  4.750     -7.318   0.0     8.5661
  4.760     -7.315   0.0     8.6091
  4.770     -7.357   0.0     8.6383
  4.780     -7.387   0.0     8.6362
  4.790     -7.338   0.0     8.6044
  4.800     -7.140   0.0     8.5625
  4.810     -6.730   0.0     8.5365
  4.820     -6.060   0.0     8.5427
  4.830     -5.104   0.0     8.5777
  4.840     -3.861   0.0     8.6203
  4.850     -2.359   0.0     8.6445
  4.860     -0.646   0.0     8.6358
  4.870      1.207   0.0     8.5991
  4.880      3.119   0.0     8.5561
  4.890      5.008   0.0     8.5323
  4.900      6.794   0.0     8.5418
  4.910      8.409   0.0     8.5781
  4.920      9.803   0.0     8.6185
  4.930     10.942   0.0     8.6380
  4.940     11.814   0.0     8.6247
  4.950     12.422   0.0     8.5864
  4.960     12.784   0.0     8.5464
  4.970     12.925   0.0     8.5296
  4.980     12.878   0.0     8.5469
  4.990     12.674   0.0     8.5889
  5.000     12.346   0.0     8.6308
  5.010     11.923   0.0     8.6483
  5.020     11.431   0.0     8.6316
  5.030     10.895   0.0     8.5908
  5.040     10.340   0.0     8.5502
  5.050      9.791   0.0     8.5341
  5.060      9.270   0.0     8.5516
  5.070      8.802   0.0     8.5910
  5.080      8.405   0.0     8.6280
  5.090      8.092   0.0     8.6399
  5.100      7.866   0.0     8.6196
  5.110      7.715   0.0     8.5793
  5.120      7.617   0.0     8.5438
  5.130      7.530   0.0     8.5347
  5.140      7.405   0.0     8.5579
  5.150      7.182   0.0     8.5991
  5.160      6.800   0.0     8.6332
  5.170      6.207   0.0     8.6395
  5.180      5.363   0.0     8.6142
  5.190      4.253   0.0     8.5722
  5.200      2.886   0.0     8.5390
  5.210      1.303   0.0     8.5348
  5.220     -0.428   0.0     8.5624
  5.230     -2.215   0.0     8.6051
  5.240     -3.951   0.0     8.6372
  5.250     -5.528   0.0     8.6397
  5.260     -6.842   0.0     8.6114
  5.270     -7.814   0.0     8.5695
  5.280     -8.392   0.0     8.5398
  5.290     -8.563   0.0     8.5408
  5.300     -8.352   0.0     8.5723
  5.310     -7.820   0.0     8.6152
  5.320     -7.059   0.0     8.6432
  5.330     -6.178   0.0     8.6387
  5.340     -5.293   0.0     8.6029
  5.350     -4.510   0.0     8.5555
  5.360     -3.915   0.0     8.5238
  5.370     -3.563   0.0     8.5261
  5.380     -3.471   0.0     8.5613
  5.390     -3.622   0.0     8.6091
  5.400     -3.963   0.0     8.6428
  5.410     -4.421   0.0     8.6448
  5.420     -4.910   0.0     8.6159
  5.430     -5.344   0.0     8.5747
  5.440     -5.656   0.0     8.5461
  5.450     -5.801   0.0     8.5466
  5.460     -5.767   0.0     8.5743
  5.470     -5.576   0.0     8.6108
  5.480     -5.277   0.0     8.6330
  5.490     -4.942   0.0     8.6273
  5.500     -4.653   0.0     8.5972
  5.510     -4.488   0.0     8.5610
  5.520     -4.505   0.0     8.5409
  5.530     -4.738   0.0     8.5491
  5.540     -5.183   0.0     8.5801
  5.550     -5.803   0.0     8.6148
  5.560     -6.524   0.0     8.6320
  5.570     -7.253   0.0     8.6218
  5.580     -7.883   0.0     8.5905
  5.590     -8.311   0.0     8.5576
  5.600     -8.455   0.0     8.5431
  5.610     -8.265   0.0     8.5556
  5.620     -7.730   0.0     8.5868
  5.630     -6.884   0.0     8.6170
  5.640     -5.802   0.0     8.6274
  5.650     -4.593   0.0     8.6116
  5.660     -3.385   0.0     8.5796
  5.670     -2.309   0.0     8.5518
  5.680     -1.481   0.0     8.5462
  5.690     -0.991   0.0     8.5674
  5.700     -0.884   0.0     8.6033
  5.710     -1.162   0.0     8.6324
  5.720     -1.775   0.0     8.6371
  5.730     -2.633   0.0     8.6140
  5.740     -3.618   0.0     8.5761
  5.750     -4.596   0.0     8.5455
  5.760     -5.436   0.0     8.5399
  5.770     -6.028   0.0     8.5621
  5.780     -6.297   0.0     8.5980
  5.790     -6.209   0.0     8.6257
  5.800     -5.778   0.0     8.6289
  5.810     -5.062   0.0     8.6060
  5.820     -4.152   0.0     8.5715
  5.830     -3.160   0.0     8.5470
  5.840     -2.203   0.0     8.5478
  5.850     -1.385   0.0     8.5737
  5.860     -0.786   0.0     8.6088
  5.870     -0.447   0.0     8.6317
  5.880     -0.368   0.0     8.6281
  5.890     -0.511   0.0     8.6002
  5.900     -0.801   0.0     8.5645
  5.910     -1.143   0.0     8.5429
  5.920     -1.435   0.0     8.5489
  5.930     -1.583   0.0     8.5790
  5.940     -1.515   0.0     8.6152
  5.950     -1.192   0.0     8.6354
  5.960     -0.614   0.0     8.6274
  5.970      0.179   0.0     8.5956
  5.980      1.117   0.0     8.5588
  5.990      2.106   0.0     8.5391
  6.000      3.043   0.0     8.5483
  6.010      3.834   0.0     8.5807
  6.020      4.404   0.0     8.6165
  6.030      4.711   0.0     8.6340
  6.040      4.753   0.0     8.6225
  6.050      4.564   0.0     8.5888
  6.060      4.216   0.0     8.5531
  6.070      3.806   0.0     8.5373
  6.080      3.440   0.0     8.5515
  6.090      3.222   0.0     8.5875
  6.100      3.234   0.0     8.6242
  6.110      3.529   0.0     8.6397
  6.120      4.119   0.0     8.6251
  6.130      4.971   0.0     8.5887
  6.140      6.014   0.0     8.5520
  6.150      7.142   0.0     8.5365
  6.160      8.232   0.0     8.5513
  6.170      9.154   0.0     8.5869
  6.180      9.791   0.0     8.6217
  6.190     10.048   0.0     8.6351
  6.200      9.870   0.0     8.6196
  6.210      9.242   0.0     8.5851
  6.220      8.192   0.0     8.5527
  6.230      6.786   0.0     8.5425
  6.240      5.122   0.0     8.5609
  6.250      3.313   0.0     8.5967
  6.260      1.478   0.0     8.6278
  6.270     -0.276   0.0     8.6352
  6.280     -1.859   0.0     8.6139
  6.290     -3.211   0.0     8.5759
  6.300     -4.302   0.0     8.5437
  6.310     -5.133   0.0     8.5366
  6.320     -5.724   0.0     8.5593
  6.330     -6.117   0.0     8.5985
  6.340     -6.353   0.0     8.6316
  6.350     -6.473   0.0     8.6394
  6.360     -6.502   0.0     8.6179
  6.370     -6.446   0.0     8.5796
  6.380     -6.292   0.0     8.5468
  6.390     -6.008   0.0     8.5381
  6.400     -5.548   0.0     8.5579
  6.410     -4.861   0.0     8.5936
  6.420     -3.903   0.0     8.6241
  6.430     -2.641   0.0     8.6325
  6.440     -1.068   0.0     8.6155
  6.450      0.796   0.0     8.5849
  6.460      2.902   0.0     8.5599
  6.470      5.170   0.0     8.5553
  6.480      7.501   0.0     8.5727
  6.490      9.778   0.0     8.5994
  6.500     11.882   0.0     8.6174
  6.510     13.701   0.0     8.6146
  6.520     15.140   0.0     8.5922
  6.530     16.129   0.0     8.5643
  6.540     16.631   0.0     8.5488
  6.550     16.639   0.0     8.5565
  6.560     16.179   0.0     8.5838
  6.570     15.302   0.0     8.6149
  6.580     14.081   0.0     8.6312
  6.590     12.596   0.0     8.6230
  6.600     10.935   0.0     8.5951
  6.610      9.179   0.0     8.5639
  6.620      7.397   0.0     8.5483
  6.630      5.648   0.0     8.5575
  6.640      3.972   0.0     8.5857
  6.650      2.395   0.0     8.6154
  6.660      0.933   0.0     8.6286
  6.670     -0.409   0.0     8.6172
  6.680     -1.628   0.0     8.5879
  6.690     -2.724   0.0     8.5584
  6.700     -3.693   0.0     8.5467
  6.710     -4.530   0.0     8.5599
  6.720     -5.226   0.0     8.5896
  6.730     -5.773   0.0     8.6177
  6.740     -6.162   0.0     8.6267
  6.750     -6.390   0.0     8.6112
  6.760     -6.460   0.0     8.5806
  6.770     -6.386   0.0     8.5536
  6.780     -6.187   0.0     8.5475
  6.790     -5.894   0.0     8.5666
  6.800     -5.542   0.0     8.5998
  6.810     -5.171   0.0     8.6272
  6.820     -4.817   0.0     8.6319
  6.830     -4.513   0.0     8.6105
  6.840     -4.283   0.0     8.5749
  6.850     -4.138   0.0     8.5459
  6.860     -4.079   0.0     8.5410
  6.870     -4.092   0.0     8.5632
  6.880     -4.152   0.0     8.5998
  6.890     -4.226   0.0     8.6294
  6.900     -4.279   0.0     8.6351
  6.910     -4.274   0.0     8.6139
  6.920     -4.178   0.0     8.5786
  6.930     -3.967   0.0     8.5500
  6.940     -3.629   0.0     8.5450
  6.950     -3.159   0.0     8.5657
  6.960     -2.570   0.0     8.5990
  6.970     -1.882   0.0     8.6242
  6.980     -1.123   0.0     8.6257
  6.990     -0.330   0.0     8.6026
  7.000      0.461   0.0     8.5686
  7.010      1.213   0.0     8.5443
  7.020      1.892   0.0     8.5449
  7.030      2.471   0.0     8.5703
  7.040      2.928   0.0     8.6059
  7.050      3.252   0.0     8.6308
  7.060      3.437   0.0     8.6306
  7.070      3.485   0.0     8.6057
  7.080      3.404   0.0     8.5711
  7.090      3.209   0.0     8.5473
  7.100      2.917   0.0     8.5486
  7.110      2.549   0.0     8.5739
  7.120      2.127   0.0     8.6080
  7.130      1.673   0.0     8.6306
  7.140      1.211   0.0     8.6283
  7.150      0.763   0.0     8.6027
  7.160      0.349   0.0     8.5688
  7.170     -0.013   0.0     8.5464
  7.180     -0.309   0.0     8.5483
  7.190     -0.526   0.0     8.5725
  7.200     -0.657   0.0     8.6041
  7.210     -0.696   0.0     8.6241
  7.220     -0.642   0.0     8.6213
  7.230     -0.495   0.0     8.5980
  7.240     -0.258   0.0     8.5691
  7.250      0.066   0.0     8.5523
  7.260      0.471   0.0     8.5577
  7.270      0.954   0.0     8.5818
  7.280      1.509   0.0     8.6094
  7.290      2.129   0.0     8.6237
  7.300      2.807   0.0     8.6160
  7.310      3.533   0.0     8.5912
  7.320      4.292   0.0     8.5643
  7.330      5.065   0.0     8.5518
  7.340      5.828   0.0     8.5613
  7.350      6.552   0.0     8.5868
  7.360      7.205   0.0     8.6127
  7.370      7.752   0.0     8.6233
  7.380      8.161   0.0     8.6120
  7.390      8.401   0.0     8.5854
  7.400      8.452   0.0     8.5593
  7.410      8.302   0.0     8.5493
  7.420      7.953   0.0     8.5614
  7.430      7.423   0.0     8.5883
  7.440      6.741   0.0     8.6143
  7.450      5.949   0.0     8.6244
  7.460      5.097   0.0     8.6134
  7.470      4.240   0.0     8.5884
  7.480      3.428   0.0     8.5642
  7.490      2.705   0.0     8.5549
  7.500      2.099   0.0     8.5649
  7.510      1.625   0.0     8.5870
  7.520      1.275   0.0     8.6074
  7.530      1.025   0.0     8.6140
  7.540      0.833   0.0     8.6041
  7.550      0.648   0.0     8.5850
  7.560      0.413   0.0     8.5697
  7.570      0.074   0.0     8.5679
  7.580     -0.412   0.0     8.5805
  7.590     -1.071   0.0     8.5986
  7.600     -1.910   0.0     8.6102
  7.610     -2.909   0.0     8.6072
  7.620     -4.027   0.0     8.5913
  7.630     -5.207   0.0     8.5726
  7.640     -6.374   0.0     8.5634
  7.650     -7.453   0.0     8.5700
  7.660     -8.371   0.0     8.5886
  7.670     -9.068   0.0     8.6071
  7.680     -9.502   0.0     8.6131
  7.690     -9.657   0.0     8.6017
  7.700     -9.543   0.0     8.5791
  7.710     -9.193   0.0     8.5591
  7.720     -8.661   0.0     8.5553
  7.730     -8.012   0.0     8.5718
  7.740     -7.319   0.0     8.6004
  7.750     -6.648   0.0     8.6249
  7.760     -6.051   0.0     8.6306
  7.770     -5.565   0.0     8.6131
  7.780     -5.201   0.0     8.5816
  7.790     -4.948   0.0     8.5537
  7.800     -4.774   0.0     8.5455
  7.810     -4.633   0.0     8.5619
  7.820     -4.472   0.0     8.5936
  7.830     -4.239   0.0     8.6219
  7.840     -3.892   0.0     8.6303
  7.850     -3.408   0.0     8.6137
  7.860     -2.787   0.0     8.5812
  7.870     -2.049   0.0     8.5517
  7.880     -1.242   0.0     8.5423
  7.890     -0.428   0.0     8.5587
  7.900      0.319   0.0     8.5914
  7.910      0.923   0.0     8.6218
  7.920      1.317   0.0     8.6327
  7.930      1.450   0.0     8.6184
  7.940      1.294   0.0     8.5877
  7.950      0.848   0.0     8.5585
  7.960      0.139   0.0     8.5475
  7.970     -0.780   0.0     8.5604
  7.980     -1.838   0.0     8.5888
  7.990     -2.950   0.0     8.6153
  8.000     -4.031   0.0     8.6246
  8.010     -5.000   0.0     8.6116
  8.020     -5.791   0.0     8.5846
  8.030     -6.358   0.0     8.5597
  8.040     -6.681   0.0     8.5515
  8.050     -6.759   0.0     8.5640
  8.060     -6.618   0.0     8.5888
  8.070     -6.294   0.0     8.6107
  8.080     -5.837   0.0     8.6168
  8.090     -5.298   0.0     8.6046
  8.100     -4.724   0.0     8.5830
  8.110     -4.152   0.0     8.5662
  8.120     -3.605   0.0     8.5653
  8.130     -3.093   0.0     8.5810
  8.140     -2.613   0.0     8.6033
  8.150     -2.153   0.0     8.6177
  8.160     -1.695   0.0     8.6144
  8.170     -1.221   0.0     8.5944
  8.180     -0.721   0.0     8.5691
  8.190     -0.194   0.0     8.5533
  8.200      0.351   0.0     8.5565
  8.210      0.891   0.0     8.5770
  8.220      1.393   0.0     8.6025
  8.230      1.818   0.0     8.6183
  8.240      2.124   0.0     8.6156
  8.250      2.274   0.0     8.5967
  8.260      2.241   0.0     8.5740
  8.270      2.009   0.0     8.5619
  8.280      1.580   0.0     8.5683
  8.290      0.974   0.0     8.5893
  8.300      0.224   0.0     8.6119
  8.310     -0.622   0.0     8.6218
  8.320     -1.508   0.0     8.6121
  8.330     -2.376   0.0     8.5876
  8.340     -3.171   0.0     8.5621
  8.350     -3.845   0.0     8.5502
  8.360     -4.360   0.0     8.5588
  8.370     -4.693   0.0     8.5825
  8.380     -4.835   0.0     8.6073
  8.390     -4.788   0.0     8.6189
  8.400     -4.567   0.0     8.6112
  8.410     -4.190   0.0     8.5897
  8.420     -3.683   0.0     8.5680
  8.430     -3.069   0.0     8.5598
  8.440     -2.372   0.0     8.5703
  8.450     -1.612   0.0     8.5933
  8.460     -0.804   0.0     8.6147
  8.470      0.038   0.0     8.6215
  8.480      0.904   0.0     8.6094
  8.490      1.780   0.0     8.5851
  8.500      2.652   0.0     8.5624
  8.510      3.505   0.0     8.5541
  8.520      4.317   0.0     8.5642
  8.530      5.065   0.0     8.5859
  8.540      5.727   0.0     8.6060
  8.550      6.278   0.0     8.6131
  8.560      6.702   0.0     8.6041
  8.570      6.984   0.0     8.5859
  8.580      7.120   0.0     8.5703
  8.590      7.115   0.0     8.5669
  8.600      6.981   0.0     8.5770
  8.610      6.737   0.0     8.5929
  8.620      6.407   0.0     8.6035
  8.630      6.016   0.0     8.6012
  8.640      5.583   0.0     8.5876
  8.650      5.126   0.0     8.5718
  8.660      4.651   0.0     8.5653
  8.670      4.158   0.0     8.5737
  8.680      3.639   0.0     8.5931
  8.690      3.078   0.0     8.6120
  8.700      2.459   0.0     8.6182
  8.710      1.770   0.0     8.6068
  8.720      1.006   0.0     8.5837
  8.730      0.173   0.0     8.5624
  8.740     -0.706   0.0     8.5561
  8.750     -1.595   0.0     8.5694
  8.760     -2.441   0.0     8.5950
  8.770     -3.182   0.0     8.6174
  8.780     -3.749   0.0     8.6225
  8.790     -4.078   0.0     8.6062
  8.800     -4.114   0.0     8.5770
  8.810     -3.820   0.0     8.5520
  8.820     -3.185   0.0     8.5466
  8.830     -2.227   0.0     8.5652
  8.840     -0.993   0.0     8.5980
  8.850      0.440   0.0     8.6262
  8.860      1.973   0.0     8.6333
  8.870      3.492   0.0     8.6141
  8.880      4.879   0.0     8.5788
  8.890      6.022   0.0     8.5471
  8.900      6.825   0.0     8.5373
  8.910      7.222   0.0     8.5555
  8.920      7.179   0.0     8.5917
  8.930      6.700   0.0     8.6257
  8.940      5.828   0.0     8.6389
  8.950      4.637   0.0     8.6243
  8.960      3.227   0.0     8.5908
  8.970      1.714   0.0     8.5577
  8.980      0.219   0.0     8.5438
  8.990     -1.145   0.0     8.5563
  9.000     -2.285   0.0     8.5867
  9.010     -3.132   0.0     8.6162
  9.020     -3.649   0.0     8.6270
  9.030     -3.833   0.0     8.6128
  9.040     -3.712   0.0     8.5820
  9.050     -3.341   0.0     8.5530
  9.060     -2.792   0.0     8.5430
  9.070     -2.145   0.0     8.5581
  9.080     -1.479   0.0     8.5896
  9.090     -0.865   0.0     8.6191
  9.100     -0.354   0.0     8.6301
  9.110      0.025   0.0     8.6171
  9.120      0.266   0.0     8.5886
  9.130      0.386   0.0     8.5619
  9.140      0.422   0.0     8.5529
  9.150      0.421   0.0     8.5666
  9.160      0.439   0.0     8.5940
  9.170      0.526   0.0     8.6181
  9.180      0.727   0.0     8.6244
  9.190      1.068   0.0     8.6091
  9.200      1.559   0.0     8.5813
  9.210      2.192   0.0     8.5575
  9.220      2.939   0.0     8.5518
  9.230      3.758   0.0     8.5670
  9.240      4.600   0.0     8.5934
  9.250      5.409   0.0     8.6146
  9.260      6.133   0.0     8.6178
  9.270      6.730   0.0     8.6012
  9.280      7.166   0.0     8.5751
  9.290      7.424   0.0     8.5554
  9.300      7.502   0.0     8.5546
  9.310      7.411   0.0     8.5738
  9.320      7.174   0.0     8.6019
  9.330      6.821   0.0     8.6229
  9.340      6.386   0.0     8.6250
  9.350      5.903   0.0     8.6074
  9.360      5.402   0.0     8.5808
  9.370      4.904   0.0     8.5608
  9.380      4.425   0.0     8.5586
  9.390      3.970   0.0     8.5743
  9.400      3.539   0.0     8.5973
  9.410      3.127   0.0     8.6130
  9.420      2.723   0.0     8.6117
  9.430      2.319   0.0     8.5944
  9.440      1.909   0.0     8.5721
  9.450      1.487   0.0     8.5587
  9.460      1.055   0.0     8.5629
  9.470      0.619   0.0     8.5824
  9.480      0.186   0.0     8.6057
  9.490     -0.233   0.0     8.6190
  9.500     -0.629   0.0     8.6146
  9.510     -0.993   0.0     8.5954
  9.520     -1.323   0.0     8.5731
  9.530     -1.619   0.0     8.5610
  9.540     -1.889   0.0     8.5662
  9.550     -2.146   0.0     8.5849
  9.560     -2.407   0.0     8.6050
  9.570     -2.692   0.0     8.6140
  9.580     -3.020   0.0     8.6062
  9.590     -3.409   0.0     8.5864
  9.600     -3.874   0.0     8.5667
  9.610     -4.420   0.0     8.5595
  9.620     -5.048   0.0     8.5694
  9.630     -5.751   0.0     8.5906
  9.640     -6.512   0.0     8.6102
  9.650     -7.309   0.0     8.6164
  9.660     -8.115   0.0     8.6052
  9.670     -8.900   0.0     8.5834
  9.680     -9.633   0.0     8.5639
  9.690    -10.285   0.0     8.5586
  9.700    -10.830   0.0     8.5708
  9.710    -11.246   0.0     8.5932
  9.720    -11.516   0.0     8.6125
  9.730    -11.631   0.0     8.6173
  9.740    -11.585   0.0     8.6049
  9.750    -11.378   0.0     8.5828
  9.760    -11.014   0.0     8.5643
  9.770    -10.501   0.0     8.5601
  9.780     -9.848   0.0     8.5726
  9.790     -9.065   0.0     8.5938
  9.800     -8.164   0.0     8.6108
  9.810     -7.157   0.0     8.6136
  9.820     -6.055   0.0     8.6011
  9.830     -4.872   0.0     8.5813
  9.840     -3.621   0.0     8.5667
  9.850     -2.319   0.0     8.5663
  9.860     -0.981   0.0     8.5802
  9.870      0.373   0.0     8.5993
  9.880      1.722   0.0     8.6114
  9.890      3.042   0.0     8.6087
  9.900      4.309   0.0     8.5923
  9.910      5.496   0.0     8.5720
  9.920      6.577   0.0     8.5602
  9.930      7.528   0.0     8.5644
  9.940      8.323   0.0     8.5823
  9.950      8.943   0.0     8.6033
  9.960      9.370   0.0     8.6149
  9.970      9.593   0.0     8.6103
  9.980      9.607   0.0     8.5923
  9.990      9.412   0.0     8.5719
 10.000      9.017   0.0     8.5616
 10.010      8.436   0.0     8.5674
 10.020      7.692   0.0     8.5858
 10.030      6.813   0.0     8.6052
 10.040      5.832   0.0     8.6136
 10.050      4.786   0.0     8.6057
 10.060      3.716   0.0     8.5861
 10.070      2.659   0.0     8.5669
 10.080      1.655   0.0     8.5599
 10.090      0.735   0.0     8.5698
 10.100     -0.072   0.0     8.5908
 10.110     -0.747   0.0     8.6103
 10.120     -1.279   0.0     8.6166
 10.130     -1.666   0.0     8.6057
 10.140     -1.913   0.0     8.5841
 10.150     -2.037   0.0     8.5648
 10.160     -2.057   0.0     8.5596
 10.170     -2.000   0.0     8.5719
 10.180     -1.893   0.0     8.5942
 10.190     -1.762   0.0     8.6130
 10.200     -1.630   0.0     8.6166
 10.210     -1.516   0.0     8.6024
 10.220     -1.430   0.0     8.5784
 10.230     -1.378   0.0     8.5586
 10.240     -1.354   0.0     8.5551
 10.250     -1.349   0.0     8.5702
 10.260     -1.347   0.0     8.5953
 10.270     -1.331   0.0     8.6159
 10.280     -1.281   0.0     8.6202
 10.290     -1.181   0.0     8.6058
 10.300     -1.020   0.0     8.5814
 10.310     -0.790   0.0     8.5615
 10.320     -0.492   0.0     8.5576
 10.330     -0.135   0.0     8.5718
 10.340      0.267   0.0     8.5951
 10.350      0.695   0.0     8.6133
 10.360      1.126   0.0     8.6156
 10.370      1.538   0.0     8.6008
 10.380      1.908   0.0     8.5779
 10.390      2.220   0.0     8.5611
 10.400      2.462   0.0     8.5609
 10.410      2.628   0.0     8.5777
 10.420      2.719   0.0     8.6015
 10.430      2.745   0.0     8.6180
 10.440      2.716   0.0     8.6170
 10.450      2.647   0.0     8.5984
 10.460      2.554   0.0     8.5728
 10.470      2.449   0.0     8.5546
 10.480      2.341   0.0     8.5545
 10.490      2.233   0.0     8.5724
 10.500      2.122   0.0     8.5980
 10.510      1.999   0.0     8.6168
 10.520      1.850   0.0     8.6185
 10.530      1.659   0.0     8.6029
 10.540      1.409   0.0     8.5796
 10.550      1.088   0.0     8.5625
 10.560      0.688   0.0     8.5612
 10.570      0.212   0.0     8.5761
 10.580     -0.329   0.0     8.5976
 10.590     -0.909   0.0     8.6130
 10.600     -1.495   0.0     8.6134
 10.610     -2.041   0.0     8.5990
 10.620     -2.496   0.0     8.5784
 10.630     -2.806   0.0     8.5638
 10.640     -2.920   0.0     8.5631
 10.650     -2.792   0.0     8.5760
 10.660     -2.389   0.0     8.5943
 10.670     -1.694   0.0     8.6072
 10.680     -0.709   0.0     8.6081
 10.690      0.543   0.0     8.5978
 10.700      2.018   0.0     8.5838
 10.710      3.652   0.0     8.5749
 10.720      5.366   0.0     8.5759
 10.730      7.068   0.0     8.5850
 10.740      8.663   0.0     8.5949
 10.750     10.056   0.0     8.5983
 10.760     11.159   0.0     8.5927
 10.770     11.901   0.0     8.5820
 10.780     12.229   0.0     8.5739
 10.790     12.116   0.0     8.5748
 10.800     11.559   0.0     8.5852
 10.810     10.582   0.0     8.5991
 10.820      9.232   0.0     8.6078
 10.830      7.578   0.0     8.6053
 10.840      5.702   0.0     8.5923
 10.850      3.697   0.0     8.5762
 10.860      1.653   0.0     8.5669
 10.870     -0.342   0.0     8.5704
 10.880     -2.212   0.0     8.5849
 10.890     -3.900   0.0     8.6016
 10.900     -5.366   0.0     8.6103
 10.910     -6.592   0.0     8.6052
 10.920     -7.581   0.0     8.5890
 10.930     -8.351   0.0     8.5714
 10.940     -8.934   0.0     8.5636
 10.950     -9.371   0.0     8.5710
 10.960     -9.703   0.0     8.5898
 10.970     -9.970   0.0     8.6087
 10.980    -10.203   0.0     8.6161
 10.990    -10.420   0.0     8.6068
 11.000    -10.630   0.0     8.5853
 11.010    -10.826   0.0     8.5642
 11.020    -10.992   0.0     8.5562
 11.030    -11.103   0.0     8.5668
 11.040    -11.131   0.0     8.5905
 11.050    -11.048   0.0     8.6137
 11.060    -10.833   0.0     8.6227
 11.070    -10.473   0.0     8.6115
 11.080     -9.966   0.0     8.5859
 11.090     -9.323   0.0     8.5603
 11.100     -8.566   0.0     8.5496
 11.110     -7.725   0.0     8.5604
 11.120     -6.838   0.0     8.5870
 11.130     -5.939   0.0     8.6143
 11.140     -5.064   0.0     8.6271
 11.150     -4.236   0.0     8.6179
 11.160     -3.469   0.0     8.5920
 11.170     -2.767   0.0     8.5640
 11.180     -2.116   0.0     8.5498
 11.190     -1.495   0.0     8.5572
 11.200     -0.876   0.0     8.5817
 11.210     -0.226   0.0     8.6091
 11.220      0.485   0.0     8.6237
 11.230      1.279   0.0     8.6180
 11.240      2.166   0.0     8.5958
 11.250      3.142   0.0     8.5705
 11.260      4.186   0.0     8.5567
 11.270      5.263   0.0     8.5618
 11.280      6.324   0.0     8.5818
 11.290      7.314   0.0     8.6040
 11.300      8.172   0.0     8.6148
 11.310      8.843   0.0     8.6079
 11.320      9.281   0.0     8.5878
 11.330      9.453   0.0     8.5672
 11.340      9.344   0.0     8.5589
 11.350      8.960   0.0     8.5684
 11.360      8.325   0.0     8.5903
 11.370      7.479   0.0     8.6116
 11.380      6.476   0.0     8.6198
 11.390      5.378   0.0     8.6099
 11.400      4.246   0.0     8.5875
 11.410      3.138   0.0     8.5657
 11.420      2.105   0.0     8.5572
 11.430      1.184   0.0     8.5666
 11.440      0.398   0.0     8.5881
 11.450     -0.243   0.0     8.6087
 11.460     -0.742   0.0     8.6162
 11.470     -1.113   0.0     8.6063
 11.480     -1.372   0.0     8.5848
 11.490     -1.541   0.0     8.5647
 11.500     -1.638   0.0     8.5579
 11.510     -1.677   0.0     8.5687
 11.520     -1.665   0.0     8.5910
 11.530     -1.604   0.0     8.6121
 11.540     -1.491   0.0     8.6201
 11.550     -1.320   0.0     8.6106
 11.560     -1.085   0.0     8.5892
 11.570     -0.784   0.0     8.5678
 11.580     -0.418   0.0     8.5580
 11.590      0.000   0.0     8.5644
 11.600      0.453   0.0     8.5822
 11.610      0.913   0.0     8.6008
 11.620      1.350   0.0     8.6099
 11.630      1.728   0.0     8.6054
 11.640      2.016   0.0     8.5915
 11.650      2.185   0.0     8.5773
 11.660      2.217   0.0     8.5716
 11.670      2.102   0.0     8.5773
 11.680      1.847   0.0     8.5903
 11.690      1.466   0.0     8.6023
 11.700      0.987   0.0     8.6057
 11.710      0.443   0.0     8.5988
 11.720     -0.129   0.0     8.5855
 11.730     -0.692   0.0     8.5735
 11.740     -1.215   0.0     8.5692
 11.750     -1.676   0.0     8.5739
 11.760     -2.062   0.0     8.5839
 11.770     -2.375   0.0     8.5929
 11.780     -2.623   0.0     8.5963
 11.790     -2.827   0.0     8.5936
 11.800     -3.011   0.0     8.5886
 11.810     -3.201   0.0     8.5859
 11.820     -3.423   0.0     8.5878
 11.830     -3.694   0.0     8.5926
 11.840     -4.022   0.0     8.5960
 11.850     -4.409   0.0     8.5942
 11.860     -4.843   0.0     8.5870
 11.870     -5.304   0.0     8.5780
 11.880     -5.767   0.0     8.5731
 11.890     -6.202   0.0     8.5760
 11.900     -6.581   0.0     8.5859
 11.910     -6.878   0.0     8.5971
 11.920     -7.077   0.0     8.6030
 11.930     -7.165   0.0     8.5995
 11.940     -7.143   0.0     8.5885
 11.950     -7.016   0.0     8.5764
 11.960     -6.798   0.0     8.5709
 11.970     -6.507   0.0     8.5761
 11.980     -6.159   0.0     8.5892
 11.990     -5.772   0.0     8.6026
 12.000     -5.358   0.0     8.6077
 12.010     -4.924   0.0     8.6008
 12.020     -4.471   0.0     8.5852
 12.030     -3.997   0.0     8.5700
 12.040     -3.493   0.0     8.5645
 12.050     -2.951   0.0     8.5726
 12.060     -2.363   0.0     8.5903
 12.070     -1.728   0.0     8.6074
 12.080     -1.047   0.0     8.6137
 12.090     -0.331   0.0     8.6050
 12.100      0.403   0.0     8.5858
 12.110      1.133   0.0     8.5669
 12.120      1.829   0.0     8.5596
 12.130      2.462   0.0     8.5685
 12.140      3.006   0.0     8.5889
 12.150      3.436   0.0     8.6093
 12.160      3.737   0.0     8.6177
 12.170      3.904   0.0     8.6094
 12.180      3.940   0.0     8.5887
 12.190      3.860   0.0     8.5675
 12.200      3.689   0.0     8.5581
 12.210      3.456   0.0     8.5657
 12.220      3.196   0.0     8.5859
 12.230      2.942   0.0     8.6069
 12.240      2.725   0.0     8.6165
 12.250      2.572   0.0     8.6092
 12.260      2.499   0.0     8.5895
 12.270      2.516   0.0     8.5690
 12.280      2.621   0.0     8.5598
 12.290      2.804   0.0     8.5675
 12.300      3.050   0.0     8.5873
 12.310      3.337   0.0     8.6077
 12.320      3.641   0.0     8.6167
 12.330      3.939   0.0     8.6092
 12.340      4.207   0.0     8.5898
 12.350      4.427   0.0     8.5701
 12.360      4.584   0.0     8.5616
 12.370      4.669   0.0     8.5693
 12.380      4.676   0.0     8.5885
 12.390      4.605   0.0     8.6077
 12.400      4.458   0.0     8.6154
 12.410      4.241   0.0     8.6071
 12.420      3.963   0.0     8.5874
 12.430      3.633   0.0     8.5677
 12.440      3.262   0.0     8.5591
 12.450      2.864   0.0     8.5662
 12.460      2.453   0.0     8.5844
 12.470      2.045   0.0     8.6029
 12.480      1.656   0.0     8.6111
 12.490      1.305   0.0     8.6050
 12.500      1.009   0.0     8.5890
 12.510      0.786   0.0     8.5734
 12.520      0.649   0.0     8.5677
 12.530      0.610   0.0     8.5754
 12.540      0.676   0.0     8.5915
 12.550      0.847   0.0     8.6062
 12.560      1.116   0.0     8.6106
 12.570      1.469   0.0     8.6020
 12.580      1.887   0.0     8.5856
 12.590      2.344   0.0     8.5710
 12.600      2.810   0.0     8.5664
 12.610      3.255   0.0     8.5739
 12.620      3.648   0.0     8.5886
 12.630      3.963   0.0     8.6013
 12.640      4.180   0.0     8.6047
 12.650      4.284   0.0     8.5976
 12.660      4.274   0.0     8.5851
 12.670      4.154   0.0     8.5755
 12.680      3.940   0.0     8.5748
 12.690      3.656   0.0     8.5833
 12.700      3.332   0.0     8.5952
 12.710      3.001   0.0     8.6025
 12.720      2.697   0.0     8.6005
 12.730      2.453   0.0     8.5903
 12.740      2.293   0.0     8.5784
 12.750      2.235   0.0     8.5724
 12.760      2.285   0.0     8.5766
 12.770      2.438   0.0     8.5885
 12.780      2.677   0.0     8.6007
 12.790      2.973   0.0     8.6056
 12.800      3.287   0.0     8.5997
 12.810      3.577   0.0     8.5864
 12.820      3.794   0.0     8.5736
 12.830      3.895   0.0     8.5693
 12.840      3.837   0.0     8.5764
 12.850      3.593   0.0     8.5908
 12.860      3.146   0.0     8.6037
 12.870      2.496   0.0     8.6071
 12.880      1.661   0.0     8.5987
 12.890      0.677   0.0     8.5832
 12.900     -0.406   0.0     8.5698
 12.910     -1.523   0.0     8.5666
 12.920     -2.602   0.0     8.5756
 12.930     -3.568   0.0     8.5915
 12.940     -4.348   0.0     8.6047
 12.950     -4.881   0.0     8.6073
 12.960     -5.121   0.0     8.5979
 12.970     -5.040   0.0     8.5823
 12.980     -4.635   0.0     8.5702
 12.990     -3.924   0.0     8.5693
 13.000     -2.953   0.0     8.5804
 13.010     -1.783   0.0     8.5968
 13.020     -0.492   0.0     8.6084
 13.030      0.834   0.0     8.6076
 13.040      2.107   0.0     8.5943
 13.050      3.246   0.0     8.5759
 13.060      4.182   0.0     8.5631
 13.070      4.866   0.0     8.5635
 13.080      5.268   0.0     8.5772
 13.090      5.383   0.0     8.5964
 13.100      5.229   0.0     8.6099
 13.110      4.842   0.0     8.6101
 13.120      4.273   0.0     8.5970
 13.130      3.582   0.0     8.5785
 13.140      2.832   0.0     8.5656
 13.150      2.078   0.0     8.5657
 13.160      1.368   0.0     8.5784
 13.170      0.736   0.0     8.5959
 13.180      0.199   0.0     8.6074
 13.190     -0.242   0.0     8.6062
 13.200     -0.598   0.0     8.5936
 13.210     -0.894   0.0     8.5776
 13.220     -1.158   0.0     8.5686
 13.230     -1.421   0.0     8.5726
 13.240     -1.709   0.0     8.5875
 13.250     -2.041   0.0     8.6041
 13.260     -2.425   0.0     8.6118
 13.270     -2.857   0.0     8.6054
 13.280     -3.323   0.0     8.5878
 13.290     -3.801   0.0     8.5691
 13.300     -4.260   0.0     8.5605
 13.310     -4.673   0.0     8.5675
 13.320     -5.009   0.0     8.5863
 13.330     -5.249   0.0     8.6062
 13.340     -5.378   0.0     8.6157
 13.350     -5.393   0.0     8.6092
 13.360     -5.300   0.0     8.5906
 13.370     -5.113   0.0     8.5707
 13.380     -4.852   0.0     8.5616
 13.390     -4.538   0.0     8.5687
 13.400     -4.194   0.0     8.5881
 13.410     -3.837   0.0     8.6084
 13.420     -3.480   0.0     8.6173
 13.430     -3.128   0.0     8.6095
 13.440     -2.781   0.0     8.5891
 13.450     -2.435   0.0     8.5676
 13.460     -2.084   0.0     8.5575
 13.470     -1.720   0.0     8.5648
 13.480     -1.342   0.0     8.5854
 13.490     -0.952   0.0     8.6075
 13.500     -0.560   0.0     8.6187
 13.510     -0.184   0.0     8.6126
 13.520      0.154   0.0     8.5929
 13.530      0.427   0.0     8.5705
 13.540      0.611   0.0     8.5580
 13.550      0.682   0.0     8.5617
 13.560      0.627   0.0     8.5790
 13.570      0.441   0.0     8.5995
 13.580      0.132   0.0     8.6116
 13.590     -0.279   0.0     8.6090
 13.600     -0.760   0.0     8.5942
 13.610     -1.270   0.0     8.5765
 13.620     -1.765   0.0     8.5664
 13.630     -2.202   0.0     8.5695
 13.640     -2.543   0.0     8.5835
 13.650     -2.761   0.0     8.5996
 13.660     -2.842   0.0     8.6084
 13.670     -2.790   0.0     8.6051
 13.680     -2.622   0.0     8.5922
 13.690     -2.372   0.0     8.5775
 13.700     -2.081   0.0     8.5695
 13.710     -1.798   0.0     8.5723
 13.720     -1.572   0.0     8.5834
 13.730     -1.444   0.0     8.5956
 13.740     -1.446   0.0     8.6016
 13.750     -1.597   0.0     8.5986
 13.760     -1.897   0.0     8.5894
 13.770     -2.333   0.0     8.5804
 13.780     -2.876   0.0     8.5776
 13.790     -3.485   0.0     8.5826
 13.800     -4.115   0.0     8.5918
 13.810     -4.717   0.0     8.5990
 13.820     -5.246   0.0     8.5993
 13.830     -5.665   0.0     8.5922
 13.840     -5.947   0.0     8.5821
 13.850     -6.077   0.0     8.5751
 13.860     -6.051   0.0     8.5756
 13.870     -5.875   0.0     8.5831
 13.880     -5.565   0.0     8.5928
 13.890     -5.139   0.0     8.5988
 13.900     -4.619   0.0     8.5977
 13.910     -4.022   0.0     8.5908
 13.920     -3.363   0.0     8.5831
 13.930     -2.653   0.0     8.5802
 13.940     -1.896   0.0     8.5841
 13.950     -1.095   0.0     8.5924
 13.960     -0.248   0.0     8.5992
 13.970      0.642   0.0     8.5991
 13.980      1.571   0.0     8.5910
 13.990      2.529   0.0     8.5789
 14.000      3.501   0.0     8.5700
 14.010      4.461   0.0     8.5701
 14.020      5.382   0.0     8.5800
 14.030      6.230   0.0     8.5948
 14.040      6.972   0.0     8.6065
 14.050      7.578   0.0     8.6085
 14.060      8.022   0.0     8.5999
 14.070      8.289   0.0     8.5857
 14.080      8.373   0.0     8.5741
 14.090      8.280   0.0     8.5715
 14.100      8.026   0.0     8.5790
 14.110      7.636   0.0     8.5915
 14.120      7.140   0.0     8.6009
 14.130      6.573   0.0     8.6014
 14.140      5.965   0.0     8.5926
 14.150      5.344   0.0     8.5801
 14.160      4.730   0.0     8.5719
 14.170      4.134   0.0     8.5734
 14.180      3.559   0.0     8.5841
 14.190      2.998   0.0     8.5976
 14.200      2.442   0.0     8.6054
 14.210      1.875   0.0     8.6024
 14.220      1.286   0.0     8.5896
 14.230      0.664   0.0     8.5744
 14.240      0.008   0.0     8.5654
 14.250     -0.678   0.0     8.5682
 14.260     -1.377   0.0     8.5813
 14.270     -2.069   0.0     8.5973
 14.280     -2.725   0.0     8.6072
 14.290     -3.313   0.0     8.6058
 14.300     -3.803   0.0     8.5944
 14.310     -4.168   0.0     8.5805
 14.320     -4.391   0.0     8.5725
 14.330     -4.462   0.0     8.5752
 14.340     -4.386   0.0     8.5865
 14.350     -4.177   0.0     8.5991
 14.360     -3.862   0.0     8.6047
 14.370     -3.476   0.0     8.5996
 14.380     -3.056   0.0     8.5867
 14.390     -2.644   0.0     8.5739
 14.400     -2.276   0.0     8.5695
 14.410     -1.984   0.0     8.5765
 14.420     -1.789   0.0     8.5910
 14.430     -1.702   0.0     8.6043
 14.440     -1.723   0.0     8.6082
 14.450     -1.839   0.0     8.6000
 14.460     -2.032   0.0     8.5843
 14.470     -2.276   0.0     8.5706
 14.480     -2.541   0.0     8.5673
 14.490     -2.801   0.0     8.5767
 14.500     -3.031   0.0     8.5935
 14.510     -3.212   0.0     8.6075
 14.520     -3.334   0.0     8.6101
 14.530     -3.394   0.0     8.5992
 14.540     -3.398   0.0     8.5806
 14.550     -3.355   0.0     8.5651
 14.560     -3.282   0.0     8.5621
 14.570     -3.196   0.0     8.5737
 14.580     -3.114   0.0     8.5936
 14.590     -3.049   0.0     8.6108
 14.600     -3.011   0.0     8.6154
 14.610     -3.005   0.0     8.6051
 14.620     -3.028   0.0     8.5858
 14.630     -3.075   0.0     8.5684
 14.640     -3.134   0.0     8.5627
 14.650     -3.191   0.0     8.5714
 14.660     -3.232   0.0     8.5888
 14.670     -3.243   0.0     8.6045
 14.680     -3.210   0.0     8.6091
 14.690     -3.125   0.0     8.6004
 14.700     -2.981   0.0     8.5840
 14.710     -2.776   0.0     8.5697
 14.720     -2.511   0.0     8.5664
 14.730     -2.189   0.0     8.5759
 14.740     -1.814   0.0     8.5925
 14.750     -1.392   0.0     8.6064
 14.760     -0.929   0.0     8.6096
 14.770     -0.432   0.0     8.6005
 14.780      0.095   0.0     8.5848
 14.790      0.646   0.0     8.5716
 14.800      1.212   0.0     8.5681
 14.810      1.786   0.0     8.5756
 14.820      2.357   0.0     8.5884
 14.830      2.911   0.0     8.5983
 14.840      3.433   0.0     8.5993
 14.850      3.906   0.0     8.5917
 14.860      4.312   0.0     8.5813
 14.870      4.635   0.0     8.5758
 14.880      4.860   0.0     8.5796
 14.890      4.980   0.0     8.5909
 14.900      4.992   0.0     8.6024
 14.910      4.903   0.0     8.6061
 14.920      4.729   0.0     8.5984
 14.930      4.491   0.0     8.5827
 14.940      4.222   0.0     8.5676
 14.950      3.956   0.0     8.5621
 14.960      3.730   0.0     8.5701
 14.970      3.577   0.0     8.5878
 14.980      3.525   0.0     8.6056
 14.990      3.593   0.0     8.6139
 15.000      3.785   0.0     8.6084
 15.010      4.094   0.0     8.5926
 15.020      4.494   0.0     8.5758
 15.030      4.951   0.0     8.5674
 15.040      5.419   0.0     8.5717
 15.050      5.844   0.0     8.5853
 15.060      6.176   0.0     8.5994
 15.070      6.368   0.0     8.6054
 15.080      6.381   0.0     8.6001
 15.090      6.195   0.0     8.5873
 15.100      5.807   0.0     8.5755
 15.110      5.230   0.0     8.5724
 15.120      4.498   0.0     8.5801
 15.130      3.661   0.0     8.5935
 15.140      2.777   0.0     8.6040
 15.150      1.909   0.0     8.6045
 15.160      1.121   0.0     8.5940
 15.170      0.464   0.0     8.5788
 15.180     -0.020   0.0     8.5683
 15.190     -0.311   0.0     8.5694
 15.200     -0.407   0.0     8.5819
 15.210     -0.326   0.0     8.5984
 15.220     -0.101   0.0     8.6090
 15.230      0.220   0.0     8.6070
 15.240      0.585   0.0     8.5932
 15.250      0.942   0.0     8.5760
 15.260      1.248   0.0     8.5659
 15.270      1.472   0.0     8.5697
 15.280      1.600   0.0     8.5853
 15.290      1.637   0.0     8.6035
 15.300      1.606   0.0     8.6130
 15.310      1.545   0.0     8.6074
 15.320      1.500   0.0     8.5894
 15.330      1.522   0.0     8.5695
 15.340      1.653   0.0     8.5600
 15.350      1.927   0.0     8.5673
 15.360      2.357   0.0     8.5880
 15.370      2.937   0.0     8.6100
 15.380      3.636   0.0     8.6202
 15.390      4.403   0.0     8.6115
 15.400      5.173   0.0     8.5879
 15.410      5.867   0.0     8.5624
 15.420      6.407   0.0     8.5499
 15.430      6.721   0.0     8.5582
 15.440      6.752   0.0     8.5833
 15.450      6.467   0.0     8.6113
 15.460      5.856   0.0     8.6264
 15.470      4.938   0.0     8.6196
 15.480      3.759   0.0     8.5944
 15.490      2.386   0.0     8.5650
 15.500      0.901   0.0     8.5481
 15.510     -0.606   0.0     8.5540
 15.520     -2.048   0.0     8.5798
 15.530     -3.350   0.0     8.6110
 15.540     -4.452   0.0     8.6302
 15.550     -5.318   0.0     8.6264
 15.560     -5.937   0.0     8.6015
 15.570     -6.323   0.0     8.5690
 15.580     -6.507   0.0     8.5468
 15.590     -6.539   0.0     8.5473
 15.600     -6.475   0.0     8.5699
 15.610     -6.369   0.0     8.6018
 15.620     -6.272   0.0     8.6253
 15.630     -6.220   0.0     8.6278
 15.640     -6.231   0.0     8.6084
 15.650     -6.306   0.0     8.5784
 15.660     -6.430   0.0     8.5544
 15.670     -6.573   0.0     8.5494
 15.680     -6.698   0.0     8.5655
 15.690     -6.764   0.0     8.5929
 15.700     -6.736   0.0     8.6162
 15.710     -6.588   0.0     8.6229
 15.720     -6.310   0.0     8.6105
 15.730     -5.907   0.0     8.5868
 15.740     -5.401   0.0     8.5656
 15.750     -4.829   0.0     8.5584
 15.760     -4.238   0.0     8.5682
 15.770     -3.680   0.0     8.5883
 15.780     -3.204   0.0     8.6068
 15.790     -2.853   0.0     8.6136
 15.800     -2.657   0.0     8.6058
 15.810     -2.628   0.0     8.5890
 15.820     -2.760   0.0     8.5732
 15.830     -3.031   0.0     8.5670
 15.840     -3.402   0.0     8.5729
 15.850     -3.825   0.0     8.5863
 15.860     -4.243   0.0     8.5987
 15.870     -4.604   0.0     8.6034
 15.880     -4.861   0.0     8.5988
 15.890     -4.977   0.0     8.5887
 15.900     -4.933   0.0     8.5797
 15.910     -4.723   0.0     8.5769
 15.920     -4.360   0.0     8.5807
 15.930     -3.871   0.0     8.5875
 15.940     -3.291   0.0     8.5925
 15.950     -2.665   0.0     8.5927
 15.960     -2.034   0.0     8.5888
 15.970     -1.437   0.0     8.5845
 15.980     -0.902   0.0     8.5834
 15.990     -0.447   0.0     8.5864
 16.000     -0.074   0.0     8.5911
 16.010      0.228   0.0     8.5936
 16.020      0.481   0.0     8.5911
 16.030      0.716   0.0     8.5845
 16.040      0.971   0.0     8.5781
 16.050      1.281   0.0     8.5765
 16.060      1.679   0.0     8.5819
 16.070      2.188   0.0     8.5918
 16.080      2.820   0.0     8.6003
 16.090      3.571   0.0     8.6019
 16.100      4.427   0.0     8.5946
 16.110      5.356   0.0     8.5820
 16.120      6.317   0.0     8.5713
 16.130      7.260   0.0     8.5694
 16.140      8.132   0.0     8.5780
 16.150      8.881   0.0     8.5929
 16.160      9.459   0.0     8.6055
 16.170      9.826   0.0     8.6084
 16.180      9.956   0.0     8.5993
 16.190      9.837   0.0     8.5832
 16.200      9.473   0.0     8.5692
 16.210      8.883   0.0     8.5659
 16.220      8.101   0.0     8.5754
 16.230      7.172   0.0     8.5927
 16.240      6.150   0.0     8.6078
 16.250      5.096   0.0     8.6119
 16.260      4.070   0.0     8.6026
 16.270      3.129   0.0     8.5851
 16.280      2.323   0.0     8.5695
 16.290      1.694   0.0     8.5648
 16.300      1.268   0.0     8.5737
 16.310      1.061   0.0     8.5905
 16.320      1.072   0.0     8.6050
 16.330      1.289   0.0     8.6084
 16.340      1.684   0.0     8.5987
 16.350      2.224   0.0     8.5819
 16.360      2.866   0.0     8.5685
 16.370      3.563   0.0     8.5672
 16.380      4.268   0.0     8.5796
 16.390      4.937   0.0     8.5986
 16.400      5.530   0.0     8.6128
 16.410      6.014   0.0     8.6132
 16.420      6.365   0.0     8.5986
 16.430      6.564   0.0     8.5767
 16.440      6.606   0.0     8.5599
 16.450      6.487   0.0     8.5582
 16.460      6.215   0.0     8.5730
 16.470      5.799   0.0     8.5964
 16.480      5.253   0.0     8.6152
 16.490      4.592   0.0     8.6189
 16.500      3.832   0.0     8.6054
 16.510      2.989   0.0     8.5822
 16.520      2.079   0.0     8.5627
 16.530      1.118   0.0     8.5578
 16.540      0.120   0.0     8.5702
 16.550     -0.897   0.0     8.5927
 16.560     -1.916   0.0     8.6122
 16.570     -2.919   0.0     8.6177
 16.580     -3.884   0.0     8.6061
 16.590     -4.788   0.0     8.5843
 16.600     -5.608   0.0     8.5647
 16.610     -6.318   0.0     8.5584
 16.620     -6.897   0.0     8.5687
 16.630     -7.324   0.0     8.5892
 16.640     -7.583   0.0     8.6080
 16.650     -7.664   0.0     8.6145
 16.660     -7.566   0.0     8.6053
 16.670     -7.293   0.0     8.5862
 16.680     -6.860   0.0     8.5684
 16.690     -6.290   0.0     8.5622
 16.700     -5.612   0.0     8.5707
 16.710     -4.862   0.0     8.5888
 16.720     -4.078   0.0     8.6057
 16.730     -3.303   0.0     8.6122
 16.740     -2.575   0.0     8.6052
 16.750     -1.931   0.0     8.5895
 16.760     -1.401   0.0     8.5746
 16.770     -1.011   0.0     8.5690
 16.780     -0.775   0.0     8.5750
 16.790     -0.700   0.0     8.5882
 16.800     -0.786   0.0     8.6000
 16.810     -1.024   0.0     8.6033
 16.820     -1.399   0.0     8.5967
 16.830     -1.892   0.0     8.5848
 16.840     -2.481   0.0     8.5754
 16.850     -3.144   0.0     8.5745
 16.860     -3.860   0.0     8.5825
 16.870     -4.607   0.0     8.5942
 16.880     -5.370   0.0     8.6020
 16.890     -6.132   0.0     8.6010
 16.900     -6.882   0.0     8.5917
 16.910     -7.608   0.0     8.5800
 16.920     -8.298   0.0     8.5733
 16.930     -8.939   0.0     8.5759
 16.940     -9.517   0.0     8.5865
 16.950    -10.014   0.0     8.5986
 16.960    -10.409   0.0     8.6046
 16.970    -10.680   0.0     8.6008
 16.980    -10.806   0.0     8.5890
 16.990    -10.766   0.0     8.5762
 17.000    -10.543   0.0     8.5700
 17.010    -10.130   0.0     8.5741
 17.020     -9.525   0.0     8.5862
 17.030     -8.741   0.0     8.5992
 17.040     -7.802   0.0     8.6058
 17.050     -6.743   0.0     8.6022
 17.060     -5.608   0.0     8.5909
 17.070     -4.450   0.0     8.5787
 17.080     -3.323   0.0     8.5726
 17.090     -2.280   0.0     8.5758
 17.100     -1.364   0.0     8.5857
 17.110     -0.608   0.0     8.5956
 17.120     -0.026   0.0     8.5993
 17.130      0.386   0.0     8.5947
 17.140      0.649   0.0     8.5847
 17.150      0.807   0.0     8.5760
 17.160      0.913   0.0     8.5745
 17.170      1.031   0.0     8.5815
 17.180      1.225   0.0     8.5929
 17.190      1.555   0.0     8.6019
 17.200      2.065   0.0     8.6028
 17.210      2.779   0.0     8.5948
 17.220      3.700   0.0     8.5825
 17.230      4.801   0.0     8.5732
 17.240      6.034   0.0     8.5723
 17.250      7.328   0.0     8.5804
 17.260      8.598   0.0     8.5927
 17.270      9.754   0.0     8.6017
 17.280     10.708   0.0     8.6022
 17.290     11.388   0.0     8.5940
 17.300     11.741   0.0     8.5821
 17.310     11.740   0.0     8.5737
 17.320     11.389   0.0     8.5737
 17.330     10.722   0.0     8.5819
 17.340      9.799   0.0     8.5928
 17.350      8.696   0.0     8.5996
 17.360      7.504   0.0     8.5980
 17.370      6.310   0.0     8.5891
 17.380      5.195   0.0     8.5787
 17.390      4.220   0.0     8.5738
 17.400      3.423   0.0     8.5783
 17.410      2.813   0.0     8.5902
 17.420      2.376   0.0     8.6026
 17.430      2.073   0.0     8.6080
 17.440      1.849   0.0     8.6026
 17.450      1.644   0.0     8.5887
 17.460      1.401   0.0     8.5738
 17.470      1.071   0.0     8.5661
 17.480      0.628   0.0     8.5700
 17.490      0.068   0.0     8.5831
 17.500     -0.589   0.0     8.5982
 17.510     -1.299   0.0     8.6066
 17.520     -2.004   0.0     8.6042
 17.530     -2.636   0.0     8.5926
 17.540     -3.129   0.0     8.5791
 17.550     -3.428   0.0     8.5716
 17.560     -3.498   0.0     8.5744
 17.570     -3.329   0.0     8.5854
 17.580     -2.938   0.0     8.5978
 17.590     -2.371   0.0     8.6039
 17.600     -1.695   0.0     8.5999
 17.610     -0.990   0.0     8.5883
 17.620     -0.341   0.0     8.5759
 17.630      0.174   0.0     8.5704
 17.640      0.495   0.0     8.5751
 17.650      0.587   0.0     8.5875
 17.660      0.446   0.0     8.6002
 17.670      0.097   0.0     8.6059
 17.680     -0.403   0.0     8.6012
 17.690     -0.980   0.0     8.5887
 17.700     -1.546   0.0     8.5758
 17.710     -2.014   0.0     8.5699
 17.720     -2.307   0.0     8.5746
 17.730     -2.374   0.0     8.5871
 17.740     -2.187   0.0     8.6002
 17.750     -1.758   0.0     8.6064
 17.760     -1.126   0.0     8.6024
 17.770     -0.361   0.0     8.5903
 17.780      0.448   0.0     8.5771
 17.790      1.204   0.0     8.5699
 17.800      1.810   0.0     8.5725
 17.810      2.189   0.0     8.5828
 17.820      2.283   0.0     8.5948
 17.830      2.068   0.0     8.6017
 17.840      1.552   0.0     8.6002
 17.850      0.776   0.0     8.5918
 17.860     -0.193   0.0     8.5820
 17.870     -1.269   0.0     8.5765
 17.880     -2.360   0.0     8.5783
 17.890     -3.377   0.0     8.5859
 17.900     -4.242   0.0     8.5945
 17.910     -4.901   0.0     8.5990
 17.920     -5.326   0.0     8.5971
 17.930     -5.514   0.0     8.5904
 17.940     -5.486   0.0     8.5829
 17.950     -5.285   0.0     8.5790
 17.960     -4.960   0.0     8.5805
 17.970     -4.566   0.0     8.5857
 17.980     -4.148   0.0     8.5910
 17.990     -3.738   0.0     8.5930
 18.000     -3.351   0.0     8.5909
 18.010     -2.981   0.0     8.5863
 18.020     -2.607   0.0     8.5827
 18.030     -2.193   0.0     8.5825
 18.040     -1.698   0.0     8.5860
 18.050     -1.086   0.0     8.5909
 18.060     -0.328   0.0     8.5941
 18.070      0.587   0.0     8.5936
 18.080      1.649   0.0     8.5898
 18.090      2.825   0.0     8.5852
 18.100      4.064   0.0     8.5827
 18.110      5.299   0.0     8.5840
 18.120      6.455   0.0     8.5880
 18.130      7.456   0.0     8.5921
 18.140      8.238   0.0     8.5934
 18.150      8.751   0.0     8.5911
 18.160      8.968   0.0     8.5864
 18.170      8.885   0.0     8.5824
 18.180      8.523   0.0     8.5817
 18.190      7.922   0.0     8.5849
 18.200      7.138   0.0     8.5900
 18.210      6.235   0.0     8.5938
 18.220      5.275   0.0     8.5938
 18.230      4.313   0.0     8.5900
 18.240      3.391   0.0     8.5845
 18.250      2.534   0.0     8.5808
 18.260      1.751   0.0     8.5814
 18.270      1.034   0.0     8.5861
 18.280      0.364   0.0     8.5922
 18.290     -0.284   0.0     8.5962
 18.300     -0.933   0.0     8.5957
 18.310     -1.601   0.0     8.5909
 18.320     -2.296   0.0     8.5845
 18.330     -3.010   0.0     8.5802
 18.340     -3.722   0.0     8.5803
 18.350     -4.401   0.0     8.5846
 18.360     -5.004   0.0     8.5906
 18.370     -5.489   0.0     8.5948
 18.380     -5.815   0.0     8.5951
 18.390     -5.950   0.0     8.5917
 18.400     -5.876   0.0     8.5868
 18.410     -5.590   0.0     8.5833
 18.420     -5.104   0.0     8.5829
 18.430     -4.446   0.0     8.5852
 18.440     -3.655   0.0     8.5882
 18.450     -2.772   0.0     8.5899
 18.460     -1.843   0.0     8.5893
 18.470     -0.906   0.0     8.5874
 18.480      0.009   0.0     8.5860
 18.490      0.886   0.0     8.5863
 18.500      1.717   0.0     8.5883
 18.510      2.507   0.0     8.5904
 18.520      3.268   0.0     8.5908
 18.530      4.013   0.0     8.5887
 18.540      4.754   0.0     8.5854
 18.550      5.495   0.0     8.5832
 18.560      6.229   0.0     8.5842
 18.570      6.937   0.0     8.5886
 18.580      7.590   0.0     8.5940
 18.590      8.145   0.0     8.5971
 18.600      8.559   0.0     8.5951
 18.610      8.786   0.0     8.5885
 18.620      8.788   0.0     8.5805
 18.630      8.541   0.0     8.5757
 18.640      8.034   0.0     8.5775
 18.650      7.280   0.0     8.5854
 18.660      6.310   0.0     8.5955
 18.670      5.174   0.0     8.6019
 18.680      3.935   0.0     8.6007
 18.690      2.665   0.0     8.5920
 18.700      1.438   0.0     8.5804
 18.710      0.320   0.0     8.5725
 18.720     -0.632   0.0     8.5731
 18.730     -1.381   0.0     8.5823
 18.740     -1.907   0.0     8.5951
 18.750     -2.211   0.0     8.6043
 18.760     -2.313   0.0     8.6043
 18.770     -2.246   0.0     8.5947
 18.780     -2.055   0.0     8.5808
 18.790     -1.784   0.0     8.5705
 18.800     -1.480   0.0     8.5700
 18.810     -1.181   0.0     8.5799
 18.820     -0.913   0.0     8.5949
 18.830     -0.693   0.0     8.6066
 18.840     -0.526   0.0     8.6082
 18.850     -0.405   0.0     8.5985
 18.860     -0.317   0.0     8.5826
 18.870     -0.249   0.0     8.5693
 18.880     -0.186   0.0     8.5660
 18.890     -0.119   0.0     8.5743
 18.900     -0.046   0.0     8.5895
 18.910      0.029   0.0     8.6031
 18.920      0.091   0.0     8.6076
 18.930      0.122   0.0     8.6009
 18.940      0.100   0.0     8.5872
 18.950      0.003   0.0     8.5746
 18.960     -0.185   0.0     8.5703
 18.970     -0.475   0.0     8.5764
 18.980     -0.868   0.0     8.5889
 18.990     -1.355   0.0     8.6002
 19.000     -1.917   0.0     8.6036
 19.010     -2.525   0.0     8.5973
 19.020     -3.148   0.0     8.5852
 19.030     -3.749   0.0     8.5747
 19.040     -4.294   0.0     8.5718
 19.050     -4.755   0.0     8.5783
 19.060     -5.108   0.0     8.5900
 19.070     -5.340   0.0     8.6000
 19.080     -5.447   0.0     8.6025
 19.090     -5.434   0.0     8.5964
 19.100     -5.312   0.0     8.5856
 19.110     -5.101   0.0     8.5767
 19.120     -4.820   0.0     8.5749
 19.130     -4.490   0.0     8.5807
 19.140     -4.131   0.0     8.5900
 19.150     -3.757   0.0     8.5969
 19.160     -3.379   0.0     8.5969
 19.170     -3.005   0.0     8.5901
 19.180     -2.635   0.0     8.5810
 19.190     -2.268   0.0     8.5756
 19.200     -1.902   0.0     8.5775
 19.210     -1.532   0.0     8.5857
 19.220     -1.156   0.0     8.5954
 19.230     -0.772   0.0     8.6007
 19.240     -0.381   0.0     8.5985
 19.250      0.013   0.0     8.5903
 19.260      0.407   0.0     8.5813
 19.270      0.794   0.0     8.5772
 19.280      1.168   0.0     8.5804
 19.290      1.521   0.0     8.5887
 19.300      1.850   0.0     8.5967
 19.310      2.149   0.0     8.5989
 19.320      2.416   0.0     8.5937
 19.330      2.649   0.0     8.5843
 19.340      2.849   0.0     8.5765
 19.350      3.016   0.0     8.5756
 19.360      3.150   0.0     8.5825
 19.370      3.252   0.0     8.5930
 19.380      3.322   0.0     8.6004
 19.390      3.360   0.0     8.5996
 19.400      3.366   0.0     8.5906
 19.410      3.339   0.0     8.5788
 19.420      3.281   0.0     8.5716
 19.430      3.191   0.0     8.5743
 19.440      3.073   0.0     8.5862
 19.450      2.929   0.0     8.6008
 19.460      2.765   0.0     8.6094
 19.470      2.586   0.0     8.6063
 19.480      2.397   0.0     8.5925
 19.490      2.205   0.0     8.5753
 19.500      2.015   0.0     8.5648
 19.510      1.831   0.0     8.5674
 19.520      1.655   0.0     8.5823
 19.530      1.490   0.0     8.6015
 19.540      1.332   0.0     8.6141
 19.550      1.178   0.0     8.6126
 19.560      1.023   0.0     8.5974
 19.570      0.860   0.0     8.5765
 19.580      0.681   0.0     8.5615
 19.590      0.477   0.0     8.5606
 19.600      0.238   0.0     8.5740
 19.610     -0.044   0.0     8.5940
 19.620     -0.377   0.0     8.6095
 19.630     -0.764   0.0     8.6121
 19.640     -1.209   0.0     8.6012
 19.650     -1.710   0.0     8.5837
 19.660     -2.260   0.0     8.5702
 19.670     -2.850   0.0     8.5685
 19.680     -3.462   0.0     8.5789
 19.690     -4.076   0.0     8.5946
 19.700     -4.667   0.0     8.6057
 19.710     -5.206   0.0     8.6053
 19.720     -5.665   0.0     8.5939
 19.730     -6.015   0.0     8.5788
 19.740     -6.231   0.0     8.5694
 19.750     -6.293   0.0     8.5718
 19.760     -6.192   0.0     8.5846
 19.770     -5.927   0.0     8.5998
 19.780     -5.508   0.0     8.6078
 19.790     -4.957   0.0     8.6033
 19.800     -4.306   0.0     8.5888
 19.810     -3.595   0.0     8.5730
 19.820     -2.869   0.0     8.5660
 19.830     -2.173   0.0     8.5725
 19.840     -1.552   0.0     8.5889
 19.850     -1.039   0.0     8.6054
 19.860     -0.661   0.0     8.6116
 19.870     -0.430   0.0     8.6031
 19.880     -0.344   0.0     8.5843
 19.890     -0.386   0.0     8.5663
 19.900     -0.529   0.0     8.5602
 19.910     -0.736   0.0     8.5707
 19.920     -0.966   0.0     8.5925
 19.930     -1.178   0.0     8.6133
 19.940     -1.335   0.0     8.6209
 19.950     -1.408   0.0     8.6102
 19.960     -1.382   0.0     8.5868
 19.970     -1.253   0.0     8.5636
 19.980     -1.031   0.0     8.5539
 19.990     -0.735   0.0     8.5634
 20.000     -0.397   0.0     8.5869
