  r          G(r)    dr      dG(r)
  0.010     -0.531   0.0     0.1814
  0.020     -0.962   0.0     0.3405
  0.030     -1.203   0.0     0.4584
  0.040     -1.180   0.0     0.5218
  0.050     -0.844   0.0     0.5255
  0.060     -0.178   0.0     0.4737
  0.070      0.808   0.0     0.3817
  0.080      2.071   0.0     0.2820
  0.090      3.540   0.0     0.2366
  0.100      5.125   0.0     0.2853
  0.110      6.722   0.0     0.3709
  0.120      8.221   0.0     0.4388
  0.130      9.521   0.0     0.4674
  0.140     10.534   0.0     0.4531
  0.150     11.194   0.0     0.4054
  0.160     11.465   0.0     0.3472
  0.170     11.342   0.0     0.3128
  0.180     10.854   0.0     0.3263
  0.190     10.058   0.0     0.3725
  0.200      9.037   0.0     0.4179
  0.210      7.889   0.0     0.4404
  0.220      6.722   0.0     0.4329
  0.230      5.640   0.0     0.4010
  0.240      4.737   0.0     0.3617
  0.250      4.086   0.0     0.3387
  0.260      3.736   0.0     0.3472
  0.270      3.705   0.0     0.3787
  0.280      3.981   0.0     0.4110
  0.290      4.524   0.0     0.4269
  0.300      5.272   0.0     0.4201
  0.310      6.145   0.0     0.3951
  0.320      7.055   0.0     0.3659
  0.330      7.916   0.0     0.3503
  0.340      8.648   0.0     0.3585
  0.350      9.186   0.0     0.3835
  0.360      9.488   0.0     0.4084
  0.370      9.530   0.0     0.4197
  0.380      9.314   0.0     0.4126
  0.390      8.858   0.0     0.3915
  0.400      8.198   0.0     0.3684
  0.410      7.381   0.0     0.3575
  0.420      6.456   0.0     0.3657
  0.430      5.474   0.0     0.3866
  0.440      4.477   0.0     0.4065
  0.450      3.500   0.0     0.4146
  0.460      2.568   0.0     0.4072
  0.470      1.694   0.0     0.3888
  0.480      0.881   0.0     0.3700
  0.490      0.131   0.0     0.3625
  0.500     -0.563   0.0     0.3710
  0.510     -1.201   0.0     0.3891
  0.520     -1.785   0.0     0.4053
  0.530     -2.308   0.0     0.4108
  0.540     -2.759   0.0     0.4031
  0.550     -3.121   0.0     0.3866
  0.560     -3.377   0.0     0.3711
  0.570     -3.509   0.0     0.3662
  0.580     -3.503   0.0     0.3748
  0.590     -3.353   0.0     0.3908
  0.600     -3.063   0.0     0.4043
  0.610     -2.649   0.0     0.4080
  0.620     -2.137   0.0     0.4002
  0.630     -1.563   0.0     0.3855
  0.640     -0.973   0.0     0.3726
  0.650     -0.411   0.0     0.3695
  0.660      0.077   0.0     0.3777
  0.670      0.453   0.0     0.3915
  0.680      0.689   0.0     0.4024
  0.690      0.770   0.0     0.4043
  0.700      0.696   0.0     0.3965
  0.710      0.482   0.0     0.3838
  0.720      0.154   0.0     0.3739
  0.730     -0.253   0.0     0.3731
  0.740     -0.697   0.0     0.3818
  0.750     -1.138   0.0     0.3942
  0.760     -1.541   0.0     0.4027
  0.770     -1.878   0.0     0.4026
  0.780     -2.132   0.0     0.3941
  0.790     -2.298   0.0     0.3820
  0.800     -2.384   0.0     0.3737
  0.810     -2.405   0.0     0.3743
  0.820     -2.386   0.0     0.3833
  0.830     -2.349   0.0     0.3948
  0.840     -2.321   0.0     0.4020
  0.850     -2.318   0.0     0.4010
  0.860     -2.354   0.0     0.3925
  0.870     -2.430   0.0     0.3815
  0.880     -2.541   0.0     0.3746
  0.890     -2.672   0.0     0.3762
  0.900     -2.806   0.0     0.3850
  0.910     -2.923   0.0     0.3954
  0.920     -3.004   0.0     0.4012
  0.930     -3.038   0.0     0.3993
  0.940     -3.018   0.0     0.3909
  0.950     -2.951   0.0     0.3809
  0.960     -2.847   0.0     0.3755
  0.970     -2.727   0.0     0.3780
  0.980     -2.615   0.0     0.3865
  0.990     -2.538   0.0     0.3958
  1.000     -2.517   0.0     0.4003
  1.010     -2.569   0.0     0.3976
  1.020     -2.699   0.0     0.3893
  1.030     -2.903   0.0     0.3804
  1.040     -3.164   0.0     0.3763
  1.050     -3.454   0.0     0.3796
  1.060     -3.738   0.0     0.3880
  1.070     -3.978   0.0     0.3963
  1.080     -4.138   0.0     0.3996
  1.090     -4.187   0.0     0.3961
  1.100     -4.107   0.0     0.3879
  1.110     -3.893   0.0     0.3799
  1.120     -3.558   0.0     0.3770
  1.130     -3.128   0.0     0.3810
  1.140     -2.648   0.0     0.3894
  1.150     -2.169   0.0     0.3969
  1.160     -1.749   0.0     0.3992
  1.170     -1.441   0.0     0.3951
  1.180     -1.292   0.0     0.3868
  1.190     -1.332   0.0     0.3793
  1.200     -1.571   0.0     0.3769
  1.210     -1.994   0.0     0.3812
  1.220     -2.562   0.0     0.3892
  1.230     -3.215   0.0     0.3963
  1.240     -3.870   0.0     0.3984
  1.250     -4.435   0.0     0.3945
  1.260     -4.813   0.0     0.3872
  1.270     -4.912   0.0     0.3808
  1.280     -4.654   0.0     0.3792
  1.290     -3.985   0.0     0.3833
  1.300     -2.880   0.0     0.3903
  1.310     -1.346   0.0     0.3959
  1.320      0.571   0.0     0.3967
  1.330      2.794   0.0     0.3925
  1.340      5.217   0.0     0.3857
  1.350      7.713   0.0     0.3805
  1.360     10.141   0.0     0.3801
  1.370     12.363   0.0     0.3846
  1.380     14.248   0.0     0.3911
  1.390     15.687   0.0     0.3956
  1.400     16.600   0.0     0.3955
  1.410     16.944   0.0     0.3910
  1.420     16.711   0.0     0.3847
  1.430     15.935   0.0     0.3806
  1.440     14.683   0.0     0.3813
  1.450     13.052   0.0     0.3863
  1.460     11.157   0.0     0.3925
  1.470      9.124   0.0     0.3961
  1.480      7.077   0.0     0.3951
  1.490      5.131   0.0     0.3900
  1.500      3.379   0.0     0.3839
  1.510      1.888   0.0     0.3804
  1.520      0.698   0.0     0.3817
  1.530     -0.185   0.0     0.3870
  1.540     -0.780   0.0     0.3929
  1.550     -1.132   0.0     0.3959
  1.560     -1.299   0.0     0.3943
  1.570     -1.349   0.0     0.3891
  1.580     -1.351   0.0     0.3834
  1.590     -1.366   0.0     0.3806
  1.600     -1.441   0.0     0.3825
  1.610     -1.606   0.0     0.3879
  1.620     -1.872   0.0     0.3933
  1.630     -2.231   0.0     0.3957
  1.640     -2.659   0.0     0.3937
  1.650     -3.122   0.0     0.3884
  1.660     -3.580   0.0     0.3830
  1.670     -3.992   0.0     0.3809
  1.680     -4.326   0.0     0.3832
  1.690     -4.558   0.0     0.3885
  1.700     -4.678   0.0     0.3936
  1.710     -4.691   0.0     0.3954
  1.720     -4.614   0.0     0.3929
  1.730     -4.476   0.0     0.3877
  1.740     -4.313   0.0     0.3828
  1.750     -4.161   0.0     0.3813
  1.760     -4.055   0.0     0.3839
  1.770     -4.021   0.0     0.3891
  1.780     -4.075   0.0     0.3937
  1.790     -4.223   0.0     0.3949
  1.800     -4.455   0.0     0.3922
  1.810     -4.752   0.0     0.3872
  1.820     -5.089   0.0     0.3829
  1.830     -5.432   0.0     0.3819
  1.840     -5.751   0.0     0.3847
  1.850     -6.018   0.0     0.3896
  1.860     -6.214   0.0     0.3934
  1.870     -6.326   0.0     0.3940
  1.880     -6.356   0.0     0.3910
  1.890     -6.313   0.0     0.3864
  1.900     -6.213   0.0     0.3829
  1.910     -6.079   0.0     0.3829
  1.920     -5.935   0.0     0.3862
  1.930     -5.803   0.0     0.3909
  1.940     -5.699   0.0     0.3941
  1.950     -5.633   0.0     0.3939
  1.960     -5.608   0.0     0.3903
  1.970     -5.618   0.0     0.3856
  1.980     -5.651   0.0     0.3825
  1.990     -5.691   0.0     0.3828
  2.000     -5.721   0.0     0.3865
  2.010     -5.729   0.0     0.3911
  2.020     -5.704   0.0     0.3939
  2.030     -5.644   0.0     0.3933
  2.040     -5.553   0.0     0.3898
  2.050     -5.443   0.0     0.3854
  2.060     -5.330   0.0     0.3828
  2.070     -5.233   0.0     0.3837
  2.080     -5.170   0.0     0.3874
  2.090     -5.153   0.0     0.3916
  2.100     -5.190   0.0     0.3937
  2.110     -5.277   0.0     0.3925
  2.120     -5.403   0.0     0.3886
  2.130     -5.548   0.0     0.3844
  2.140     -5.685   0.0     0.3825
  2.150     -5.784   0.0     0.3841
  2.160     -5.819   0.0     0.3883
  2.170     -5.768   0.0     0.3925
  2.180     -5.621   0.0     0.3942
  2.190     -5.377   0.0     0.3926
  2.200     -5.053   0.0     0.3885
  2.210     -4.676   0.0     0.3844
  2.220     -4.286   0.0     0.3827
  2.230     -3.925   0.0     0.3844
  2.240     -3.637   0.0     0.3884
  2.250     -3.460   0.0     0.3923
  2.260     -3.415   0.0     0.3937
  2.270     -3.509   0.0     0.3919
  2.280     -3.723   0.0     0.3879
  2.290     -4.016   0.0     0.3842
  2.300     -4.326   0.0     0.3830
  2.310     -4.573   0.0     0.3850
  2.320     -4.668   0.0     0.3890
  2.330     -4.520   0.0     0.3924
  2.340     -4.050   0.0     0.3934
  2.350     -3.195   0.0     0.3913
  2.360     -1.922   0.0     0.3874
  2.370     -0.235   0.0     0.3842
  2.380      1.827   0.0     0.3835
  2.390      4.185   0.0     0.3859
  2.400      6.728   0.0     0.3897
  2.410      9.318   0.0     0.3927
  2.420     11.802   0.0     0.3930
  2.430     14.025   0.0     0.3904
  2.440     15.845   0.0     0.3864
  2.450     17.144   0.0     0.3834
  2.460     17.837   0.0     0.3833
  2.470     17.887   0.0     0.3861
  2.480     17.300   0.0     0.3902
  2.490     16.130   0.0     0.3932
  2.500     14.471   0.0     0.3933
  2.510     12.452   0.0     0.3905
  2.520     10.217   0.0     0.3865
  2.530      7.919   0.0     0.3836
  2.540      5.705   0.0     0.3836
  2.550      3.697   0.0     0.3863
  2.560      1.990   0.0     0.3902
  2.570      0.638   0.0     0.3928
  2.580     -0.342   0.0     0.3928
  2.590     -0.975   0.0     0.3901
  2.600     -1.314   0.0     0.3865
  2.610     -1.438   0.0     0.3841
  2.620     -1.437   0.0     0.3844
  2.630     -1.400   0.0     0.3871
  2.640     -1.404   0.0     0.3905
  2.650     -1.506   0.0     0.3925
  2.660     -1.732   0.0     0.3919
  2.670     -2.079   0.0     0.3891
  2.680     -2.515   0.0     0.3858
  2.690     -2.983   0.0     0.3840
  2.700     -3.408   0.0     0.3848
  2.710     -3.711   0.0     0.3877
  2.720     -3.817   0.0     0.3909
  2.730     -3.667   0.0     0.3926
  2.740     -3.224   0.0     0.3916
  2.750     -2.484   0.0     0.3888
  2.760     -1.470   0.0     0.3857
  2.770     -0.241   0.0     0.3842
  2.780      1.124   0.0     0.3853
  2.790      2.526   0.0     0.3882
  2.800      3.859   0.0     0.3910
  2.810      5.022   0.0     0.3922
  2.820      5.928   0.0     0.3909
  2.830      6.512   0.0     0.3879
  2.840      6.737   0.0     0.3852
  2.850      6.600   0.0     0.3843
  2.860      6.127   0.0     0.3858
  2.870      5.372   0.0     0.3889
  2.880      4.409   0.0     0.3916
  2.890      3.324   0.0     0.3923
  2.900      2.206   0.0     0.3906
  2.910      1.135   0.0     0.3875
  2.920      0.179   0.0     0.3849
  2.930     -0.615   0.0     0.3843
  2.940     -1.222   0.0     0.3861
  2.950     -1.642   0.0     0.3892
  2.960     -1.895   0.0     0.3916
  2.970     -2.016   0.0     0.3920
  2.980     -2.050   0.0     0.3901
  2.990     -2.045   0.0     0.3872
  3.000     -2.046   0.0     0.3849
  3.010     -2.087   0.0     0.3847
  3.020     -2.192   0.0     0.3867
  3.030     -2.368   0.0     0.3896
  3.040     -2.609   0.0     0.3916
  3.050     -2.896   0.0     0.3916
  3.060     -3.202   0.0     0.3894
  3.070     -3.496   0.0     0.3865
  3.080     -3.749   0.0     0.3845
  3.090     -3.936   0.0     0.3848
  3.100     -4.039   0.0     0.3872
  3.110     -4.054   0.0     0.3902
  3.120     -3.984   0.0     0.3921
  3.130     -3.842   0.0     0.3917
  3.140     -3.650   0.0     0.3894
  3.150     -3.433   0.0     0.3865
  3.160     -3.217   0.0     0.3848
  3.170     -3.024   0.0     0.3853
  3.180     -2.873   0.0     0.3877
  3.190     -2.774   0.0     0.3905
  3.200     -2.732   0.0     0.3920
  3.210     -2.742   0.0     0.3912
  3.220     -2.794   0.0     0.3885
  3.230     -2.875   0.0     0.3856
  3.240     -2.970   0.0     0.3841
  3.250     -3.064   0.0     0.3849
  3.260     -3.145   0.0     0.3877
  3.270     -3.203   0.0     0.3906
  3.280     -3.235   0.0     0.3922
  3.290     -3.240   0.0     0.3915
  3.300     -3.221   0.0     0.3890
  3.310     -3.183   0.0     0.3863
  3.320     -3.133   0.0     0.3850
  3.330     -3.076   0.0     0.3858
  3.340     -3.016   0.0     0.3883
  3.350     -2.956   0.0     0.3907
  3.360     -2.895   0.0     0.3917
  3.370     -2.831   0.0     0.3906
  3.380     -2.759   0.0     0.3880
  3.390     -2.675   0.0     0.3856
  3.400     -2.572   0.0     0.3848
  3.410     -2.445   0.0     0.3860
  3.420     -2.291   0.0     0.3887
  3.430     -2.107   0.0     0.3910
  3.440     -1.891   0.0     0.3918
  3.450     -1.643   0.0     0.3905
  3.460     -1.365   0.0     0.3880
  3.470     -1.059   0.0     0.3857
  3.480     -0.728   0.0     0.3850
  3.490     -0.379   0.0     0.3863
  3.500     -0.017   0.0     0.3887
  3.510      0.351   0.0     0.3907
  3.520      0.714   0.0     0.3912
  3.530      1.062   0.0     0.3898
  3.540      1.385   0.0     0.3875
  3.550      1.671   0.0     0.3857
  3.560      1.911   0.0     0.3856
  3.570      2.099   0.0     0.3872
  3.580      2.233   0.0     0.3896
  3.590      2.318   0.0     0.3913
  3.600      2.365   0.0     0.3912
  3.610      2.394   0.0     0.3895
  3.620      2.429   0.0     0.3870
  3.630      2.502   0.0     0.3854
  3.640      2.645   0.0     0.3855
  3.650      2.889   0.0     0.3873
  3.660      3.259   0.0     0.3896
  3.670      3.772   0.0     0.3911
  3.680      4.431   0.0     0.3908
  3.690      5.224   0.0     0.3890
  3.700      6.123   0.0     0.3868
  3.710      7.082   0.0     0.3855
  3.720      8.046   0.0     0.3860
  3.730      8.947   0.0     0.3879
  3.740      9.716   0.0     0.3901
  3.750     10.288   0.0     0.3912
  3.760     10.604   0.0     0.3905
  3.770     10.625   0.0     0.3885
  3.780     10.330   0.0     0.3863
  3.790      9.722   0.0     0.3854
  3.800      8.824   0.0     0.3863
  3.810      7.685   0.0     0.3885
  3.820      6.367   0.0     0.3906
  3.830      4.946   0.0     0.3915
  3.840      3.498   0.0     0.3905
  3.850      2.099   0.0     0.3882
  3.860      0.814   0.0     0.3860
  3.870     -0.307   0.0     0.3852
  3.880     -1.234   0.0     0.3863
  3.890     -1.956   0.0     0.3886
  3.900     -2.480   0.0     0.3907
  3.910     -2.830   0.0     0.3913
  3.920     -3.038   0.0     0.3901
  3.930     -3.143   0.0     0.3877
  3.940     -3.182   0.0     0.3857
  3.950     -3.188   0.0     0.3852
  3.960     -3.181   0.0     0.3866
  3.970     -3.175   0.0     0.3890
  3.980     -3.168   0.0     0.3910
  3.990     -3.152   0.0     0.3914
  4.000     -3.112   0.0     0.3900
  4.010     -3.031   0.0     0.3877
  4.020     -2.894   0.0     0.3858
  4.030     -2.695   0.0     0.3855
  4.040     -2.432   0.0     0.3869
  4.050     -2.117   0.0     0.3892
  4.060     -1.766   0.0     0.3909
  4.070     -1.403   0.0     0.3910
  4.080     -1.054   0.0     0.3893
  4.090     -0.741   0.0     0.3870
  4.100     -0.478   0.0     0.3854
  4.110     -0.272   0.0     0.3855
  4.120     -0.114   0.0     0.3873
  4.130      0.018   0.0     0.3897
  4.140      0.156   0.0     0.3913
  4.150      0.341   0.0     0.3911
  4.160      0.614   0.0     0.3893
  4.170      1.016   0.0     0.3869
  4.180      1.577   0.0     0.3854
  4.190      2.312   0.0     0.3857
  4.200      3.219   0.0     0.3876
  4.210      4.275   0.0     0.3899
  4.220      5.438   0.0     0.3913
  4.230      6.650   0.0     0.3908
  4.240      7.841   0.0     0.3887
  4.250      8.940   0.0     0.3863
  4.260      9.874   0.0     0.3851
  4.270     10.582   0.0     0.3857
  4.280     11.018   0.0     0.3878
  4.290     11.155   0.0     0.3901
  4.300     10.988   0.0     0.3913
  4.310     10.533   0.0     0.3906
  4.320      9.825   0.0     0.3885
  4.330      8.913   0.0     0.3863
  4.340      7.853   0.0     0.3853
  4.350      6.707   0.0     0.3862
  4.360      5.531   0.0     0.3885
  4.370      4.375   0.0     0.3909
  4.380      3.275   0.0     0.3918
  4.390      2.257   0.0     0.3908
  4.400      1.334   0.0     0.3882
  4.410      0.506   0.0     0.3857
  4.420     -0.233   0.0     0.3846
  4.430     -0.894   0.0     0.3856
  4.440     -1.493   0.0     0.3880
  4.450     -2.039   0.0     0.3905
  4.460     -2.543   0.0     0.3916
  4.470     -3.008   0.0     0.3907
  4.480     -3.436   0.0     0.3885
  4.490     -3.824   0.0     0.3863
  4.500     -4.169   0.0     0.3854
  4.510     -4.468   0.0     0.3863
  4.520     -4.722   0.0     0.3885
  4.530     -4.934   0.0     0.3905
  4.540     -5.110   0.0     0.3912
  4.550     -5.260   0.0     0.3901
  4.560     -5.395   0.0     0.3879
  4.570     -5.527   0.0     0.3859
  4.580     -5.663   0.0     0.3853
  4.590     -5.808   0.0     0.3865
  4.600     -5.961   0.0     0.3888
  4.610     -6.115   0.0     0.3907
  4.620     -6.258   0.0     0.3911
  4.630     -6.378   0.0     0.3898
  4.640     -6.459   0.0     0.3876
  4.650     -6.489   0.0     0.3857
  4.660     -6.462   0.0     0.3854
  4.670     -6.378   0.0     0.3868
  4.680     -6.245   0.0     0.3891
  4.690     -6.081   0.0     0.3909
  4.700     -5.908   0.0     0.3911
  4.710     -5.752   0.0     0.3897
  4.720     -5.638   0.0     0.3875
  4.730     -5.586   0.0     0.3858
  4.740     -5.606   0.0     0.3856
  4.750     -5.696   0.0     0.3871
  4.760     -5.839   0.0     0.3893
  4.770     -6.004   0.0     0.3908
  4.780     -6.147   0.0     0.3909
  4.790     -6.213   0.0     0.3894
  4.800     -6.146   0.0     0.3873
  4.810     -5.891   0.0     0.3859
  4.820     -5.402   0.0     0.3859
  4.830     -4.650   0.0     0.3875
  4.840     -3.623   0.0     0.3895
  4.850     -2.335   0.0     0.3907
  4.860     -0.820   0.0     0.3905
  4.870      0.863   0.0     0.3889
  4.880      2.641   0.0     0.3869
  4.890      4.430   0.0     0.3858
  4.900      6.141   0.0     0.3862
  4.910      7.692   0.0     0.3878
  4.920      9.010   0.0     0.3897
  4.930     10.043   0.0     0.3907
  4.940     10.761   0.0     0.3901
  4.950     11.158   0.0     0.3884
  4.960     11.254   0.0     0.3865
  4.970     11.087   0.0     0.3857
  4.980     10.717   0.0     0.3864
  4.990     10.210   0.0     0.3884
  5.000      9.637   0.0     0.3903
  5.010      9.067   0.0     0.3912
  5.020      8.557   0.0     0.3904
  5.030      8.151   0.0     0.3885
  5.040      7.873   0.0     0.3865
  5.050      7.729   0.0     0.3857
  5.060      7.705   0.0     0.3865
  5.070      7.771   0.0     0.3884
  5.080      7.885   0.0     0.3902
  5.090      7.996   0.0     0.3908
  5.100      8.050   0.0     0.3898
  5.110      7.997   0.0     0.3879
  5.120      7.792   0.0     0.3861
  5.130      7.406   0.0     0.3856
  5.140      6.818   0.0     0.3867
  5.150      6.027   0.0     0.3887
  5.160      5.045   0.0     0.3904
  5.170      3.902   0.0     0.3909
  5.180      2.636   0.0     0.3898
  5.190      1.297   0.0     0.3879
  5.200     -0.060   0.0     0.3862
  5.210     -1.381   0.0     0.3859
  5.220     -2.612   0.0     0.3870
  5.230     -3.708   0.0     0.3889
  5.240     -4.634   0.0     0.3904
  5.250     -5.366   0.0     0.3906
  5.260     -5.896   0.0     0.3895
  5.270     -6.230   0.0     0.3876
  5.280     -6.386   0.0     0.3862
  5.290     -6.395   0.0     0.3861
  5.300     -6.293   0.0     0.3874
  5.310     -6.125   0.0     0.3894
  5.320     -5.932   0.0     0.3908
  5.330     -5.752   0.0     0.3907
  5.340     -5.618   0.0     0.3892
  5.350     -5.551   0.0     0.3872
  5.360     -5.560   0.0     0.3857
  5.370     -5.643   0.0     0.3857
  5.380     -5.789   0.0     0.3871
  5.390     -5.976   0.0     0.3892
  5.400     -6.181   0.0     0.3907
  5.410     -6.378   0.0     0.3907
  5.420     -6.545   0.0     0.3895
  5.430     -6.667   0.0     0.3876
  5.440     -6.737   0.0     0.3863
  5.450     -6.760   0.0     0.3864
  5.460     -6.749   0.0     0.3876
  5.470     -6.726   0.0     0.3893
  5.480     -6.715   0.0     0.3904
  5.490     -6.742   0.0     0.3902
  5.500     -6.828   0.0     0.3888
  5.510     -6.986   0.0     0.3872
  5.520     -7.216   0.0     0.3862
  5.530     -7.508   0.0     0.3865
  5.540     -7.835   0.0     0.3879
  5.550     -8.164   0.0     0.3895
  5.560     -8.451   0.0     0.3904
  5.570     -8.652   0.0     0.3900
  5.580     -8.727   0.0     0.3886
  5.590     -8.644   0.0     0.3871
  5.600     -8.387   0.0     0.3864
  5.610     -7.956   0.0     0.3869
  5.620     -7.369   0.0     0.3882
  5.630     -6.662   0.0     0.3896
  5.640     -5.886   0.0     0.3901
  5.650     -5.099   0.0     0.3895
  5.660     -4.362   0.0     0.3881
  5.670     -3.732   0.0     0.3868
  5.680     -3.255   0.0     0.3864
  5.690     -2.959   0.0     0.3873
  5.700     -2.855   0.0     0.3888
  5.710     -2.931   0.0     0.3901
  5.720     -3.157   0.0     0.3903
  5.730     -3.490   0.0     0.3894
  5.740     -3.874   0.0     0.3879
  5.750     -4.252   0.0     0.3866
  5.760     -4.572   0.0     0.3864
  5.770     -4.793   0.0     0.3873
  5.780     -4.887   0.0     0.3889
  5.790     -4.845   0.0     0.3900
  5.800     -4.676   0.0     0.3901
  5.810     -4.404   0.0     0.3890
  5.820     -4.066   0.0     0.3874
  5.830     -3.703   0.0     0.3864
  5.840     -3.356   0.0     0.3864
  5.850     -3.062   0.0     0.3877
  5.860     -2.844   0.0     0.3893
  5.870     -2.714   0.0     0.3904
  5.880     -2.665   0.0     0.3902
  5.890     -2.681   0.0     0.3889
  5.900     -2.731   0.0     0.3873
  5.910     -2.782   0.0     0.3862
  5.920     -2.797   0.0     0.3864
  5.930     -2.744   0.0     0.3878
  5.940     -2.602   0.0     0.3895
  5.950     -2.359   0.0     0.3905
  5.960     -2.017   0.0     0.3902
  5.970     -1.590   0.0     0.3888
  5.980     -1.100   0.0     0.3871
  5.990     -0.575   0.0     0.3862
  6.000     -0.042   0.0     0.3865
  6.010      0.475   0.0     0.3879
  6.020      0.961   0.0     0.3895
  6.030      1.413   0.0     0.3903
  6.040      1.836   0.0     0.3899
  6.050      2.248   0.0     0.3884
  6.060      2.673   0.0     0.3869
  6.070      3.138   0.0     0.3861
  6.080      3.666   0.0     0.3866
  6.090      4.274   0.0     0.3882
  6.100      4.969   0.0     0.3898
  6.110      5.743   0.0     0.3906
  6.120      6.573   0.0     0.3900
  6.130      7.423   0.0     0.3885
  6.140      8.250   0.0     0.3869
  6.150      9.002   0.0     0.3862
  6.160      9.630   0.0     0.3867
  6.170     10.090   0.0     0.3881
  6.180     10.347   0.0     0.3896
  6.190     10.384   0.0     0.3902
  6.200     10.198   0.0     0.3896
  6.210      9.801   0.0     0.3882
  6.220      9.220   0.0     0.3868
  6.230      8.492   0.0     0.3864
  6.240      7.657   0.0     0.3871
  6.250      6.759   0.0     0.3886
  6.260      5.835   0.0     0.3899
  6.270      4.914   0.0     0.3902
  6.280      4.017   0.0     0.3894
  6.290      3.155   0.0     0.3878
  6.300      2.328   0.0     0.3865
  6.310      1.535   0.0     0.3862
  6.320      0.770   0.0     0.3871
  6.330      0.033   0.0     0.3887
  6.340     -0.672   0.0     0.3901
  6.350     -1.329   0.0     0.3904
  6.360     -1.913   0.0     0.3895
  6.370     -2.392   0.0     0.3880
  6.380     -2.723   0.0     0.3868
  6.390     -2.864   0.0     0.3865
  6.400     -2.776   0.0     0.3873
  6.410     -2.425   0.0     0.3887
  6.420     -1.795   0.0     0.3898
  6.430     -0.885   0.0     0.3900
  6.440      0.283   0.0     0.3891
  6.450      1.670   0.0     0.3877
  6.460      3.214   0.0     0.3868
  6.470      4.841   0.0     0.3868
  6.480      6.468   0.0     0.3878
  6.490      8.007   0.0     0.3891
  6.500      9.376   0.0     0.3899
  6.510     10.502   0.0     0.3896
  6.520     11.330   0.0     0.3885
  6.530     11.821   0.0     0.3872
  6.540     11.961   0.0     0.3865
  6.550     11.756   0.0     0.3869
  6.560     11.230   0.0     0.3882
  6.570     10.425   0.0     0.3897
  6.580      9.392   0.0     0.3904
  6.590      8.191   0.0     0.3900
  6.600      6.882   0.0     0.3886
  6.610      5.521   0.0     0.3872
  6.620      4.161   0.0     0.3864
  6.630      2.844   0.0     0.3869
  6.640      1.604   0.0     0.3882
  6.650      0.467   0.0     0.3895
  6.660     -0.553   0.0     0.3901
  6.670     -1.447   0.0     0.3895
  6.680     -2.211   0.0     0.3882
  6.690     -2.847   0.0     0.3868
  6.700     -3.359   0.0     0.3863
  6.710     -3.754   0.0     0.3870
  6.720     -4.038   0.0     0.3885
  6.730     -4.221   0.0     0.3899
  6.740     -4.314   0.0     0.3904
  6.750     -4.328   0.0     0.3896
  6.760     -4.278   0.0     0.3881
  6.770     -4.178   0.0     0.3867
  6.780     -4.045   0.0     0.3862
  6.790     -3.895   0.0     0.3870
  6.800     -3.745   0.0     0.3886
  6.810     -3.608   0.0     0.3900
  6.820     -3.496   0.0     0.3904
  6.830     -3.416   0.0     0.3896
  6.840     -3.371   0.0     0.3880
  6.850     -3.361   0.0     0.3866
  6.860     -3.377   0.0     0.3863
  6.870     -3.410   0.0     0.3871
  6.880     -3.445   0.0     0.3886
  6.890     -3.463   0.0     0.3900
  6.900     -3.446   0.0     0.3904
  6.910     -3.375   0.0     0.3896
  6.920     -3.233   0.0     0.3882
  6.930     -3.003   0.0     0.3869
  6.940     -2.676   0.0     0.3865
  6.950     -2.244   0.0     0.3872
  6.960     -1.708   0.0     0.3885
  6.970     -1.072   0.0     0.3895
  6.980     -0.349   0.0     0.3897
  6.990      0.441   0.0     0.3888
  7.000      1.275   0.0     0.3876
  7.010      2.123   0.0     0.3867
  7.020      2.951   0.0     0.3868
  7.030      3.726   0.0     0.3879
  7.040      4.413   0.0     0.3894
  7.050      4.980   0.0     0.3903
  7.060      5.401   0.0     0.3902
  7.070      5.658   0.0     0.3891
  7.080      5.739   0.0     0.3875
  7.090      5.645   0.0     0.3865
  7.100      5.385   0.0     0.3865
  7.110      4.977   0.0     0.3875
  7.120      4.449   0.0     0.3889
  7.130      3.833   0.0     0.3899
  7.140      3.164   0.0     0.3899
  7.150      2.479   0.0     0.3890
  7.160      1.811   0.0     0.3876
  7.170      1.185   0.0     0.3868
  7.180      0.625   0.0     0.3868
  7.190      0.142   0.0     0.3878
  7.200     -0.257   0.0     0.3889
  7.210     -0.574   0.0     0.3896
  7.220     -0.814   0.0     0.3894
  7.230     -0.983   0.0     0.3885
  7.240     -1.091   0.0     0.3875
  7.250     -1.142   0.0     0.3870
  7.260     -1.141   0.0     0.3874
  7.270     -1.085   0.0     0.3885
  7.280     -0.971   0.0     0.3895
  7.290     -0.794   0.0     0.3898
  7.300     -0.550   0.0     0.3893
  7.310     -0.236   0.0     0.3881
  7.320      0.146   0.0     0.3870
  7.330      0.584   0.0     0.3867
  7.340      1.063   0.0     0.3873
  7.350      1.558   0.0     0.3885
  7.360      2.039   0.0     0.3896
  7.370      2.475   0.0     0.3898
  7.380      2.835   0.0     0.3891
  7.390      3.094   0.0     0.3878
  7.400      3.234   0.0     0.3867
  7.410      3.250   0.0     0.3866
  7.420      3.151   0.0     0.3874
  7.430      2.956   0.0     0.3888
  7.440      2.699   0.0     0.3899
  7.450      2.419   0.0     0.3902
  7.460      2.158   0.0     0.3894
  7.470      1.957   0.0     0.3880
  7.480      1.848   0.0     0.3868
  7.490      1.850   0.0     0.3865
  7.500      1.965   0.0     0.3873
  7.510      2.180   0.0     0.3886
  7.520      2.464   0.0     0.3896
  7.530      2.773   0.0     0.3899
  7.540      3.055   0.0     0.3891
  7.550      3.256   0.0     0.3879
  7.560      3.327   0.0     0.3869
  7.570      3.230   0.0     0.3868
  7.580      2.943   0.0     0.3875
  7.590      2.466   0.0     0.3887
  7.600      1.815   0.0     0.3896
  7.610      1.028   0.0     0.3897
  7.620      0.155   0.0     0.3890
  7.630     -0.744   0.0     0.3879
  7.640     -1.609   0.0     0.3872
  7.650     -2.385   0.0     0.3872
  7.660     -3.031   0.0     0.3879
  7.670     -3.521   0.0     0.3888
  7.680     -3.847   0.0     0.3894
  7.690     -4.022   0.0     0.3891
  7.700     -4.073   0.0     0.3883
  7.710     -4.038   0.0     0.3874
  7.720     -3.959   0.0     0.3870
  7.730     -3.878   0.0     0.3875
  7.740     -3.827   0.0     0.3885
  7.750     -3.824   0.0     0.3896
  7.760     -3.875   0.0     0.3899
  7.770     -3.966   0.0     0.3893
  7.780     -4.071   0.0     0.3882
  7.790     -4.155   0.0     0.3871
  7.800     -4.180   0.0     0.3867
  7.810     -4.109   0.0     0.3873
  7.820     -3.916   0.0     0.3885
  7.830     -3.589   0.0     0.3897
  7.840     -3.131   0.0     0.3900
  7.850     -2.564   0.0     0.3894
  7.860     -1.927   0.0     0.3881
  7.870     -1.268   0.0     0.3869
  7.880     -0.643   0.0     0.3865
  7.890     -0.104   0.0     0.3871
  7.900      0.302   0.0     0.3884
  7.910      0.541   0.0     0.3896
  7.920      0.597   0.0     0.3900
  7.930      0.471   0.0     0.3894
  7.940      0.183   0.0     0.3882
  7.950     -0.235   0.0     0.3871
  7.960     -0.739   0.0     0.3868
  7.970     -1.285   0.0     0.3874
  7.980     -1.829   0.0     0.3885
  7.990     -2.333   0.0     0.3895
  8.000     -2.773   0.0     0.3898
  8.010     -3.137   0.0     0.3891
  8.020     -3.423   0.0     0.3880
  8.030     -3.644   0.0     0.3871
  8.040     -3.814   0.0     0.3869
  8.050     -3.951   0.0     0.3875
  8.060     -4.071   0.0     0.3886
  8.070     -4.182   0.0     0.3894
  8.080     -4.283   0.0     0.3895
  8.090     -4.364   0.0     0.3889
  8.100     -4.406   0.0     0.3878
  8.110     -4.386   0.0     0.3872
  8.120     -4.280   0.0     0.3872
  8.130     -4.069   0.0     0.3880
  8.140     -3.743   0.0     0.3891
  8.150     -3.304   0.0     0.3896
  8.160     -2.769   0.0     0.3894
  8.170     -2.168   0.0     0.3884
  8.180     -1.542   0.0     0.3873
  8.190     -0.943   0.0     0.3867
  8.200     -0.420   0.0     0.3870
  8.210     -0.021   0.0     0.3880
  8.220      0.220   0.0     0.3892
  8.230      0.281   0.0     0.3899
  8.240      0.158   0.0     0.3897
  8.250     -0.134   0.0     0.3887
  8.260     -0.566   0.0     0.3876
  8.270     -1.094   0.0     0.3871
  8.280     -1.670   0.0     0.3874
  8.290     -2.247   0.0     0.3883
  8.300     -2.781   0.0     0.3893
  8.310     -3.241   0.0     0.3897
  8.320     -3.610   0.0     0.3893
  8.330     -3.885   0.0     0.3882
  8.340     -4.077   0.0     0.3871
  8.350     -4.206   0.0     0.3867
  8.360     -4.297   0.0     0.3871
  8.370     -4.374   0.0     0.3882
  8.380     -4.454   0.0     0.3893
  8.390     -4.543   0.0     0.3898
  8.400     -4.636   0.0     0.3893
  8.410     -4.710   0.0     0.3883
  8.420     -4.734   0.0     0.3874
  8.430     -4.669   0.0     0.3871
  8.440     -4.475   0.0     0.3877
  8.450     -4.116   0.0     0.3888
  8.460     -3.569   0.0     0.3896
  8.470     -2.826   0.0     0.3898
  8.480     -1.897   0.0     0.3891
  8.490     -0.813   0.0     0.3879
  8.500      0.381   0.0     0.3869
  8.510      1.628   0.0     0.3867
  8.520      2.864   0.0     0.3874
  8.530      4.028   0.0     0.3886
  8.540      5.070   0.0     0.3895
  8.550      5.950   0.0     0.3897
  8.560      6.651   0.0     0.3890
  8.570      7.170   0.0     0.3880
  8.580      7.526   0.0     0.3872
  8.590      7.746   0.0     0.3871
  8.600      7.865   0.0     0.3879
  8.610      7.920   0.0     0.3889
  8.620      7.937   0.0     0.3895
  8.630      7.930   0.0     0.3894
  8.640      7.899   0.0     0.3885
  8.650      7.824   0.0     0.3875
  8.660      7.674   0.0     0.3869
  8.670      7.408   0.0     0.3871
  8.680      6.981   0.0     0.3881
  8.690      6.358   0.0     0.3892
  8.700      5.515   0.0     0.3899
  8.710      4.451   0.0     0.3896
  8.720      3.189   0.0     0.3885
  8.730      1.778   0.0     0.3873
  8.740      0.288   0.0     0.3867
  8.750     -1.189   0.0     0.3871
  8.760     -2.558   0.0     0.3882
  8.770     -3.723   0.0     0.3894
  8.780     -4.600   0.0     0.3899
  8.790     -5.128   0.0     0.3895
  8.800     -5.276   0.0     0.3884
  8.810     -5.046   0.0     0.3872
  8.820     -4.473   0.0     0.3867
  8.830     -3.626   0.0     0.3872
  8.840     -2.593   0.0     0.3884
  8.850     -1.481   0.0     0.3897
  8.860     -0.399   0.0     0.3901
  8.870      0.555   0.0     0.3895
  8.880      1.295   0.0     0.3881
  8.890      1.765   0.0     0.3867
  8.900      1.935   0.0     0.3862
  8.910      1.807   0.0     0.3868
  8.920      1.410   0.0     0.3883
  8.930      0.796   0.0     0.3897
  8.940      0.030   0.0     0.3904
  8.950     -0.814   0.0     0.3899
  8.960     -1.669   0.0     0.3886
  8.970     -2.474   0.0     0.3872
  8.980     -3.184   0.0     0.3865
  8.990     -3.772   0.0     0.3870
  9.000     -4.227   0.0     0.3882
  9.010     -4.555   0.0     0.3894
  9.020     -4.772   0.0     0.3899
  9.030     -4.901   0.0     0.3895
  9.040     -4.962   0.0     0.3883
  9.050     -4.976   0.0     0.3870
  9.060     -4.955   0.0     0.3865
  9.070     -4.900   0.0     0.3869
  9.080     -4.808   0.0     0.3881
  9.090     -4.668   0.0     0.3893
  9.100     -4.465   0.0     0.3898
  9.110     -4.187   0.0     0.3894
  9.120     -3.824   0.0     0.3884
  9.130     -3.375   0.0     0.3874
  9.140     -2.844   0.0     0.3871
  9.150     -2.246   0.0     0.3875
  9.160     -1.602   0.0     0.3885
  9.170     -0.935   0.0     0.3893
  9.180     -0.270   0.0     0.3895
  9.190      0.371   0.0     0.3889
  9.200      0.974   0.0     0.3879
  9.210      1.532   0.0     0.3871
  9.220      2.048   0.0     0.3870
  9.230      2.531   0.0     0.3876
  9.240      2.997   0.0     0.3886
  9.250      3.465   0.0     0.3894
  9.260      3.949   0.0     0.3895
  9.270      4.461   0.0     0.3889
  9.280      5.001   0.0     0.3879
  9.290      5.561   0.0     0.3872
  9.300      6.122   0.0     0.3872
  9.310      6.656   0.0     0.3879
  9.320      7.127   0.0     0.3888
  9.330      7.499   0.0     0.3894
  9.340      7.740   0.0     0.3892
  9.350      7.824   0.0     0.3885
  9.360      7.735   0.0     0.3876
  9.370      7.474   0.0     0.3871
  9.380      7.054   0.0     0.3874
  9.390      6.500   0.0     0.3883
  9.400      5.849   0.0     0.3892
  9.410      5.143   0.0     0.3896
  9.420      4.422   0.0     0.3893
  9.430      3.726   0.0     0.3883
  9.440      3.082   0.0     0.3874
  9.450      2.508   0.0     0.3870
  9.460      2.008   0.0     0.3875
  9.470      1.572   0.0     0.3885
  9.480      1.181   0.0     0.3894
  9.490      0.807   0.0     0.3897
  9.500      0.423   0.0     0.3892
  9.510      0.001   0.0     0.3881
  9.520     -0.479   0.0     0.3871
  9.530     -1.028   0.0     0.3868
  9.540     -1.644   0.0     0.3874
  9.550     -2.315   0.0     0.3885
  9.560     -3.017   0.0     0.3895
  9.570     -3.720   0.0     0.3898
  9.580     -4.390   0.0     0.3892
  9.590     -4.994   0.0     0.3881
  9.600     -5.504   0.0     0.3871
  9.610     -5.897   0.0     0.3868
  9.620     -6.164   0.0     0.3875
  9.630     -6.302   0.0     0.3886
  9.640     -6.320   0.0     0.3896
  9.650     -6.233   0.0     0.3899
  9.660     -6.061   0.0     0.3892
  9.670     -5.824   0.0     0.3880
  9.680     -5.541   0.0     0.3870
  9.690     -5.226   0.0     0.3868
  9.700     -4.887   0.0     0.3875
  9.710     -4.527   0.0     0.3886
  9.720     -4.141   0.0     0.3895
  9.730     -3.721   0.0     0.3897
  9.740     -3.258   0.0     0.3890
  9.750     -2.745   0.0     0.3878
  9.760     -2.173   0.0     0.3870
  9.770     -1.544   0.0     0.3869
  9.780     -0.862   0.0     0.3877
  9.790     -0.135   0.0     0.3889
  9.800      0.620   0.0     0.3898
  9.810      1.388   0.0     0.3899
  9.820      2.151   0.0     0.3891
  9.830      2.891   0.0     0.3879
  9.840      3.595   0.0     0.3870
  9.850      4.253   0.0     0.3869
  9.860      4.858   0.0     0.3876
  9.870      5.408   0.0     0.3887
  9.880      5.901   0.0     0.3896
  9.890      6.335   0.0     0.3897
  9.900      6.707   0.0     0.3890
  9.910      7.008   0.0     0.3880
  9.920      7.227   0.0     0.3872
  9.930      7.347   0.0     0.3872
  9.940      7.348   0.0     0.3878
  9.950      7.209   0.0     0.3887
  9.960      6.909   0.0     0.3893
  9.970      6.434   0.0     0.3892
  9.980      5.774   0.0     0.3886
  9.990      4.932   0.0     0.3877
 10.000      3.922   0.0     0.3872
 10.010      2.769   0.0     0.3874
 10.020      1.511   0.0     0.3882
 10.030      0.192   0.0     0.3890
 10.040     -1.136   0.0     0.3895
 10.050     -2.420   0.0     0.3892
 10.060     -3.612   0.0     0.3884
 10.070     -4.671   0.0     0.3875
 10.080     -5.563   0.0     0.3871
 10.090     -6.269   0.0     0.3875
 10.100     -6.782   0.0     0.3883
 10.110     -7.107   0.0     0.3892
 10.120     -7.259   0.0     0.3895
 10.130     -7.258   0.0     0.3891
 10.140     -7.130   0.0     0.3883
 10.150     -6.897   0.0     0.3874
 10.160     -6.582   0.0     0.3871
 10.170     -6.200   0.0     0.3876
 10.180     -5.761   0.0     0.3885
 10.190     -5.270   0.0     0.3893
 10.200     -4.725   0.0     0.3895
 10.210     -4.125   0.0     0.3891
 10.220     -3.468   0.0     0.3881
 10.230     -2.753   0.0     0.3873
 10.240     -1.987   0.0     0.3871
 10.250     -1.182   0.0     0.3876
 10.260     -0.356   0.0     0.3885
 10.270      0.468   0.0     0.3892
 10.280      1.264   0.0     0.3894
 10.290      2.004   0.0     0.3889
 10.300      2.662   0.0     0.3880
 10.310      3.219   0.0     0.3873
 10.320      3.661   0.0     0.3873
 10.330      3.985   0.0     0.3878
 10.340      4.197   0.0     0.3887
 10.350      4.310   0.0     0.3893
 10.360      4.346   0.0     0.3893
 10.370      4.331   0.0     0.3887
 10.380      4.290   0.0     0.3878
 10.390      4.250   0.0     0.3873
 10.400      4.232   0.0     0.3874
 10.410      4.250   0.0     0.3881
 10.420      4.310   0.0     0.3889
 10.430      4.413   0.0     0.3894
 10.440      4.550   0.0     0.3893
 10.450      4.708   0.0     0.3885
 10.460      4.871   0.0     0.3876
 10.470      5.021   0.0     0.3870
 10.480      5.140   0.0     0.3872
 10.490      5.213   0.0     0.3880
 10.500      5.228   0.0     0.3889
 10.510      5.178   0.0     0.3895
 10.520      5.057   0.0     0.3893
 10.530      4.864   0.0     0.3886
 10.540      4.599   0.0     0.3877
 10.550      4.266   0.0     0.3873
 10.560      3.868   0.0     0.3875
 10.570      3.411   0.0     0.3883
 10.580      2.902   0.0     0.3890
 10.590      2.351   0.0     0.3893
 10.600      1.773   0.0     0.3889
 10.610      1.186   0.0     0.3881
 10.620      0.614   0.0     0.3873
 10.630      0.086   0.0     0.3870
 10.640     -0.367   0.0     0.3875
 10.650     -0.711   0.0     0.3884
 10.660     -0.913   0.0     0.3893
 10.670     -0.945   0.0     0.3896
 10.680     -0.788   0.0     0.3893
 10.690     -0.434   0.0     0.3884
 10.700      0.110   0.0     0.3875
 10.710      0.821   0.0     0.3872
 10.720      1.662   0.0     0.3876
 10.730      2.580   0.0     0.3883
 10.740      3.512   0.0     0.3890
 10.750      4.390   0.0     0.3892
 10.760      5.146   0.0     0.3887
 10.770      5.718   0.0     0.3880
 10.780      6.055   0.0     0.3874
 10.790      6.127   0.0     0.3874
 10.800      5.921   0.0     0.3880
 10.810      5.447   0.0     0.3888
 10.820      4.737   0.0     0.3894
 10.830      3.840   0.0     0.3893
 10.840      2.817   0.0     0.3886
 10.850      1.737   0.0     0.3877
 10.860      0.669   0.0     0.3871
 10.870     -0.324   0.0     0.3872
 10.880     -1.193   0.0     0.3879
 10.890     -1.903   0.0     0.3889
 10.900     -2.441   0.0     0.3894
 10.910     -2.810   0.0     0.3893
 10.920     -3.029   0.0     0.3885
 10.930     -3.131   0.0     0.3876
 10.940     -3.156   0.0     0.3871
 10.950     -3.145   0.0     0.3873
 10.960     -3.137   0.0     0.3881
 10.970     -3.159   0.0     0.3891
 10.980     -3.228   0.0     0.3896
 10.990     -3.350   0.0     0.3894
 11.000     -3.515   0.0     0.3885
 11.010     -3.705   0.0     0.3876
 11.020     -3.894   0.0     0.3871
 11.030     -4.054   0.0     0.3873
 11.040     -4.161   0.0     0.3882
 11.050     -4.194   0.0     0.3891
 11.060     -4.146   0.0     0.3896
 11.070     -4.018   0.0     0.3893
 11.080     -3.825   0.0     0.3884
 11.090     -3.589   0.0     0.3874
 11.100     -3.340   0.0     0.3870
 11.110     -3.109   0.0     0.3874
 11.120     -2.925   0.0     0.3883
 11.130     -2.811   0.0     0.3892
 11.140     -2.779   0.0     0.3896
 11.150     -2.829   0.0     0.3892
 11.160     -2.947   0.0     0.3882
 11.170     -3.110   0.0     0.3873
 11.180     -3.284   0.0     0.3870
 11.190     -3.430   0.0     0.3875
 11.200     -3.512   0.0     0.3885
 11.210     -3.494   0.0     0.3894
 11.220     -3.355   0.0     0.3897
 11.230     -3.083   0.0     0.3892
 11.240     -2.680   0.0     0.3881
 11.250     -2.167   0.0     0.3872
 11.260     -1.572   0.0     0.3869
 11.270     -0.939   0.0     0.3875
 11.280     -0.312   0.0     0.3885
 11.290      0.262   0.0     0.3894
 11.300      0.739   0.0     0.3897
 11.310      1.086   0.0     0.3890
 11.320      1.282   0.0     0.3880
 11.330      1.320   0.0     0.3871
 11.340      1.205   0.0     0.3869
 11.350      0.959   0.0     0.3876
 11.360      0.611   0.0     0.3888
 11.370      0.197   0.0     0.3898
 11.380     -0.245   0.0     0.3900
 11.390     -0.679   0.0     0.3893
 11.400     -1.076   0.0     0.3880
 11.410     -1.415   0.0     0.3868
 11.420     -1.686   0.0     0.3865
 11.430     -1.888   0.0     0.3871
 11.440     -2.031   0.0     0.3884
 11.450     -2.130   0.0     0.3895
 11.460     -2.204   0.0     0.3899
 11.470     -2.271   0.0     0.3895
 11.480     -2.347   0.0     0.3884
 11.490     -2.440   0.0     0.3874
 11.500     -2.551   0.0     0.3870
 11.510     -2.673   0.0     0.3874
 11.520     -2.788   0.0     0.3884
 11.530     -2.876   0.0     0.3892
 11.540     -2.910   0.0     0.3895
 11.550     -2.868   0.0     0.3891
 11.560     -2.726   0.0     0.3882
 11.570     -2.472   0.0     0.3874
 11.580     -2.100   0.0     0.3872
 11.590     -1.617   0.0     0.3876
 11.600     -1.040   0.0     0.3884
 11.610     -0.396   0.0     0.3891
 11.620      0.279   0.0     0.3893
 11.630      0.947   0.0     0.3889
 11.640      1.567   0.0     0.3881
 11.650      2.099   0.0     0.3876
 11.660      2.514   0.0     0.3875
 11.670      2.789   0.0     0.3880
 11.680      2.912   0.0     0.3887
 11.690      2.885   0.0     0.3891
 11.700      2.720   0.0     0.3891
 11.710      2.439   0.0     0.3886
 11.720      2.070   0.0     0.3879
 11.730      1.648   0.0     0.3875
 11.740      1.206   0.0     0.3875
 11.750      0.774   0.0     0.3880
 11.760      0.378   0.0     0.3886
 11.770      0.034   0.0     0.3890
 11.780     -0.249   0.0     0.3889
 11.790     -0.473   0.0     0.3884
 11.800     -0.648   0.0     0.3879
 11.810     -0.791   0.0     0.3877
 11.820     -0.923   0.0     0.3880
 11.830     -1.066   0.0     0.3885
 11.840     -1.242   0.0     0.3889
 11.850     -1.467   0.0     0.3889
 11.860     -1.754   0.0     0.3885
 11.870     -2.107   0.0     0.3879
 11.880     -2.521   0.0     0.3875
 11.890     -2.986   0.0     0.3876
 11.900     -3.483   0.0     0.3881
 11.910     -3.991   0.0     0.3888
 11.920     -4.484   0.0     0.3893
 11.930     -4.937   0.0     0.3892
 11.940     -5.327   0.0     0.3885
 11.950     -5.635   0.0     0.3878
 11.960     -5.845   0.0     0.3873
 11.970     -5.951   0.0     0.3874
 11.980     -5.950   0.0     0.3880
 11.990     -5.847   0.0     0.3888
 12.000     -5.651   0.0     0.3893
 12.010     -5.374   0.0     0.3892
 12.020     -5.032   0.0     0.3885
 12.030     -4.640   0.0     0.3876
 12.040     -4.213   0.0     0.3872
 12.050     -3.765   0.0     0.3874
 12.060     -3.306   0.0     0.3882
 12.070     -2.846   0.0     0.3890
 12.080     -2.390   0.0     0.3894
 12.090     -1.947   0.0     0.3891
 12.100     -1.519   0.0     0.3883
 12.110     -1.114   0.0     0.3874
 12.120     -0.738   0.0     0.3870
 12.130     -0.401   0.0     0.3873
 12.140     -0.113   0.0     0.3882
 12.150      0.114   0.0     0.3892
 12.160      0.268   0.0     0.3897
 12.170      0.335   0.0     0.3893
 12.180      0.308   0.0     0.3884
 12.190      0.180   0.0     0.3874
 12.200     -0.049   0.0     0.3869
 12.210     -0.372   0.0     0.3873
 12.220     -0.775   0.0     0.3882
 12.230     -1.238   0.0     0.3892
 12.240     -1.733   0.0     0.3897
 12.250     -2.228   0.0     0.3894
 12.260     -2.688   0.0     0.3884
 12.270     -3.080   0.0     0.3874
 12.280     -3.372   0.0     0.3869
 12.290     -3.539   0.0     0.3872
 12.300     -3.565   0.0     0.3881
 12.310     -3.441   0.0     0.3891
 12.320     -3.174   0.0     0.3895
 12.330     -2.779   0.0     0.3892
 12.340     -2.279   0.0     0.3883
 12.350     -1.709   0.0     0.3875
 12.360     -1.104   0.0     0.3871
 12.370     -0.503   0.0     0.3875
 12.380      0.059   0.0     0.3884
 12.390      0.554   0.0     0.3893
 12.400      0.960   0.0     0.3896
 12.410      1.268   0.0     0.3892
 12.420      1.478   0.0     0.3882
 12.430      1.603   0.0     0.3873
 12.440      1.665   0.0     0.3869
 12.450      1.691   0.0     0.3873
 12.460      1.713   0.0     0.3883
 12.470      1.762   0.0     0.3891
 12.480      1.867   0.0     0.3895
 12.490      2.049   0.0     0.3891
 12.500      2.322   0.0     0.3882
 12.510      2.689   0.0     0.3874
 12.520      3.145   0.0     0.3871
 12.530      3.675   0.0     0.3876
 12.540      4.257   0.0     0.3885
 12.550      4.868   0.0     0.3893
 12.560      5.480   0.0     0.3896
 12.570      6.067   0.0     0.3891
 12.580      6.608   0.0     0.3882
 12.590      7.086   0.0     0.3874
 12.600      7.490   0.0     0.3871
 12.610      7.815   0.0     0.3875
 12.620      8.060   0.0     0.3884
 12.630      8.229   0.0     0.3891
 12.640      8.326   0.0     0.3893
 12.650      8.355   0.0     0.3889
 12.660      8.322   0.0     0.3882
 12.670      8.226   0.0     0.3875
 12.680      8.068   0.0     0.3874
 12.690      7.846   0.0     0.3878
 12.700      7.557   0.0     0.3885
 12.710      7.201   0.0     0.3892
 12.720      6.782   0.0     0.3893
 12.730      6.305   0.0     0.3888
 12.740      5.785   0.0     0.3881
 12.750      5.239   0.0     0.3876
 12.760      4.690   0.0     0.3875
 12.770      4.166   0.0     0.3879
 12.780      3.691   0.0     0.3886
 12.790      3.291   0.0     0.3890
 12.800      2.983   0.0     0.3890
 12.810      2.779   0.0     0.3886
 12.820      2.676   0.0     0.3880
 12.830      2.666   0.0     0.3877
 12.840      2.726   0.0     0.3877
 12.850      2.829   0.0     0.3882
 12.860      2.939   0.0     0.3887
 12.870      3.022   0.0     0.3890
 12.880      3.048   0.0     0.3888
 12.890      2.993   0.0     0.3884
 12.900      2.846   0.0     0.3879
 12.910      2.610   0.0     0.3877
 12.920      2.302   0.0     0.3880
 12.930      1.952   0.0     0.3885
 12.940      1.601   0.0     0.3889
 12.950      1.295   0.0     0.3889
 12.960      1.080   0.0     0.3885
 12.970      0.996   0.0     0.3879
 12.980      1.071   0.0     0.3875
 12.990      1.317   0.0     0.3876
 13.000      1.729   0.0     0.3881
 13.010      2.278   0.0     0.3888
 13.020      2.922   0.0     0.3892
 13.030      3.600   0.0     0.3891
 13.040      4.245   0.0     0.3886
 13.050      4.786   0.0     0.3878
 13.060      5.157   0.0     0.3874
 13.070      5.306   0.0     0.3875
 13.080      5.195   0.0     0.3882
 13.090      4.810   0.0     0.3890
 13.100      4.157   0.0     0.3895
 13.110      3.267   0.0     0.3893
 13.120      2.187   0.0     0.3886
 13.130      0.979   0.0     0.3876
 13.140     -0.288   0.0     0.3870
 13.150     -1.545   0.0     0.3871
 13.160     -2.728   0.0     0.3878
 13.170     -3.788   0.0     0.3888
 13.180     -4.688   0.0     0.3894
 13.190     -5.410   0.0     0.3894
 13.200     -5.956   0.0     0.3888
 13.210     -6.338   0.0     0.3879
 13.220     -6.584   0.0     0.3873
 13.230     -6.726   0.0     0.3874
 13.240     -6.795   0.0     0.3881
 13.250     -6.820   0.0     0.3889
 13.260     -6.823   0.0     0.3894
 13.270     -6.812   0.0     0.3892
 13.280     -6.787   0.0     0.3884
 13.290     -6.737   0.0     0.3875
 13.300     -6.643   0.0     0.3870
 13.310     -6.486   0.0     0.3872
 13.320     -6.243   0.0     0.3880
 13.330     -5.900   0.0     0.3890
 13.340     -5.449   0.0     0.3896
 13.350     -4.896   0.0     0.3895
 13.360     -4.255   0.0     0.3887
 13.370     -3.552   0.0     0.3877
 13.380     -2.822   0.0     0.3871
 13.390     -2.100   0.0     0.3872
 13.400     -1.427   0.0     0.3879
 13.410     -0.833   0.0     0.3888
 13.420     -0.344   0.0     0.3894
 13.430      0.028   0.0     0.3894
 13.440      0.282   0.0     0.3887
 13.450      0.432   0.0     0.3879
 13.460      0.501   0.0     0.3873
 13.470      0.520   0.0     0.3874
 13.480      0.525   0.0     0.3880
 13.490      0.551   0.0     0.3887
 13.500      0.624   0.0     0.3892
 13.510      0.767   0.0     0.3891
 13.520      0.987   0.0     0.3885
 13.530      1.281   0.0     0.3879
 13.540      1.634   0.0     0.3875
 13.550      2.021   0.0     0.3876
 13.560      2.412   0.0     0.3881
 13.570      2.772   0.0     0.3887
 13.580      3.072   0.0     0.3890
 13.590      3.285   0.0     0.3888
 13.600      3.394   0.0     0.3883
 13.610      3.396   0.0     0.3877
 13.620      3.295   0.0     0.3874
 13.630      3.107   0.0     0.3877
 13.640      2.858   0.0     0.3883
 13.650      2.576   0.0     0.3888
 13.660      2.291   0.0     0.3891
 13.670      2.030   0.0     0.3888
 13.680      1.815   0.0     0.3883
 13.690      1.654   0.0     0.3878
 13.700      1.550   0.0     0.3877
 13.710      1.491   0.0     0.3879
 13.720      1.457   0.0     0.3884
 13.730      1.420   0.0     0.3888
 13.740      1.349   0.0     0.3888
 13.750      1.211   0.0     0.3886
 13.760      0.980   0.0     0.3881
 13.770      0.636   0.0     0.3878
 13.780      0.171   0.0     0.3879
 13.790     -0.411   0.0     0.3882
 13.800     -1.091   0.0     0.3886
 13.810     -1.841   0.0     0.3888
 13.820     -2.618   0.0     0.3886
 13.830     -3.375   0.0     0.3882
 13.840     -4.060   0.0     0.3878
 13.850     -4.622   0.0     0.3876
 13.860     -5.016   0.0     0.3879
 13.870     -5.206   0.0     0.3885
 13.880     -5.167   0.0     0.3889
 13.890     -4.890   0.0     0.3890
 13.900     -4.379   0.0     0.3887
 13.910     -3.654   0.0     0.3880
 13.920     -2.751   0.0     0.3876
 13.930     -1.713   0.0     0.3875
 13.940     -0.595   0.0     0.3880
 13.950      0.548   0.0     0.3887
 13.960      1.658   0.0     0.3893
 13.970      2.679   0.0     0.3893
 13.980      3.563   0.0     0.3888
 13.990      4.271   0.0     0.3880
 14.000      4.775   0.0     0.3873
 14.010      5.058   0.0     0.3872
 14.020      5.114   0.0     0.3877
 14.030      4.951   0.0     0.3885
 14.040      4.584   0.0     0.3892
 14.050      4.038   0.0     0.3893
 14.060      3.344   0.0     0.3889
 14.070      2.537   0.0     0.3882
 14.080      1.653   0.0     0.3876
 14.090      0.732   0.0     0.3874
 14.100     -0.192   0.0     0.3879
 14.110     -1.084   0.0     0.3886
 14.120     -1.915   0.0     0.3892
 14.130     -2.659   0.0     0.3892
 14.140     -3.294   0.0     0.3887
 14.150     -3.807   0.0     0.3879
 14.160     -4.187   0.0     0.3874
 14.170     -4.432   0.0     0.3874
 14.180     -4.544   0.0     0.3880
 14.190     -4.533   0.0     0.3888
 14.200     -4.412   0.0     0.3893
 14.210     -4.202   0.0     0.3892
 14.220     -3.927   0.0     0.3886
 14.230     -3.611   0.0     0.3877
 14.240     -3.283   0.0     0.3872
 14.250     -2.968   0.0     0.3872
 14.260     -2.689   0.0     0.3879
 14.270     -2.462   0.0     0.3888
 14.280     -2.297   0.0     0.3894
 14.290     -2.197   0.0     0.3893
 14.300     -2.155   0.0     0.3887
 14.310     -2.156   0.0     0.3878
 14.320     -2.177   0.0     0.3873
 14.330     -2.194   0.0     0.3873
 14.340     -2.179   0.0     0.3880
 14.350     -2.106   0.0     0.3888
 14.360     -1.955   0.0     0.3893
 14.370     -1.716   0.0     0.3893
 14.380     -1.386   0.0     0.3887
 14.390     -0.978   0.0     0.3879
 14.400     -0.516   0.0     0.3874
 14.410     -0.033   0.0     0.3875
 14.420      0.428   0.0     0.3881
 14.430      0.822   0.0     0.3889
 14.440      1.104   0.0     0.3893
 14.450      1.236   0.0     0.3891
 14.460      1.189   0.0     0.3884
 14.470      0.950   0.0     0.3877
 14.480      0.522   0.0     0.3873
 14.490     -0.077   0.0     0.3876
 14.500     -0.811   0.0     0.3883
 14.510     -1.630   0.0     0.3891
 14.520     -2.480   0.0     0.3894
 14.530     -3.300   0.0     0.3891
 14.540     -4.036   0.0     0.3883
 14.550     -4.640   0.0     0.3875
 14.560     -5.081   0.0     0.3872
 14.570     -5.340   0.0     0.3875
 14.580     -5.421   0.0     0.3883
 14.590     -5.341   0.0     0.3891
 14.600     -5.133   0.0     0.3894
 14.610     -4.840   0.0     0.3891
 14.620     -4.507   0.0     0.3884
 14.630     -4.179   0.0     0.3877
 14.640     -3.892   0.0     0.3874
 14.650     -3.670   0.0     0.3877
 14.660     -3.521   0.0     0.3884
 14.670     -3.439   0.0     0.3891
 14.680     -3.401   0.0     0.3892
 14.690     -3.374   0.0     0.3888
 14.700     -3.317   0.0     0.3881
 14.710     -3.189   0.0     0.3874
 14.720     -2.953   0.0     0.3873
 14.730     -2.583   0.0     0.3877
 14.740     -2.069   0.0     0.3886
 14.750     -1.416   0.0     0.3892
 14.760     -0.648   0.0     0.3894
 14.770      0.197   0.0     0.3889
 14.780      1.066   0.0     0.3881
 14.790      1.904   0.0     0.3875
 14.800      2.653   0.0     0.3873
 14.810      3.260   0.0     0.3877
 14.820      3.685   0.0     0.3885
 14.830      3.905   0.0     0.3890
 14.840      3.913   0.0     0.3891
 14.850      3.722   0.0     0.3887
 14.860      3.360   0.0     0.3880
 14.870      2.872   0.0     0.3875
 14.880      2.309   0.0     0.3875
 14.890      1.725   0.0     0.3880
 14.900      1.171   0.0     0.3887
 14.910      0.693   0.0     0.3892
 14.920      0.322   0.0     0.3891
 14.930      0.077   0.0     0.3886
 14.940     -0.038   0.0     0.3878
 14.950     -0.033   0.0     0.3873
 14.960      0.073   0.0     0.3873
 14.970      0.253   0.0     0.3879
 14.980      0.476   0.0     0.3887
 14.990      0.715   0.0     0.3892
 15.000      0.945   0.0     0.3892
 15.010      1.150   0.0     0.3887
 15.020      1.321   0.0     0.3880
 15.030      1.458   0.0     0.3876
 15.040      1.569   0.0     0.3876
 15.050      1.666   0.0     0.3881
 15.060      1.765   0.0     0.3886
 15.070      1.880   0.0     0.3890
 15.080      2.021   0.0     0.3889
 15.090      2.195   0.0     0.3885
 15.100      2.401   0.0     0.3879
 15.110      2.633   0.0     0.3877
 15.120      2.877   0.0     0.3878
 15.130      3.117   0.0     0.3882
 15.140      3.333   0.0     0.3887
 15.150      3.505   0.0     0.3888
 15.160      3.618   0.0     0.3886
 15.170      3.659   0.0     0.3881
 15.180      3.621   0.0     0.3878
 15.190      3.504   0.0     0.3877
 15.200      3.316   0.0     0.3881
 15.210      3.068   0.0     0.3887
 15.220      2.778   0.0     0.3890
 15.230      2.466   0.0     0.3889
 15.240      2.157   0.0     0.3884
 15.250      1.871   0.0     0.3878
 15.260      1.630   0.0     0.3874
 15.270      1.453   0.0     0.3876
 15.280      1.353   0.0     0.3882
 15.290      1.342   0.0     0.3889
 15.300      1.424   0.0     0.3892
 15.310      1.599   0.0     0.3890
 15.320      1.863   0.0     0.3884
 15.330      2.206   0.0     0.3876
 15.340      2.611   0.0     0.3872
 15.350      3.061   0.0     0.3875
 15.360      3.531   0.0     0.3883
 15.370      3.997   0.0     0.3892
 15.380      4.428   0.0     0.3896
 15.390      4.799   0.0     0.3893
 15.400      5.081   0.0     0.3884
 15.410      5.250   0.0     0.3873
 15.420      5.288   0.0     0.3867
 15.430      5.180   0.0     0.3870
 15.440      4.922   0.0     0.3879
 15.450      4.516   0.0     0.3891
 15.460      3.971   0.0     0.3898
 15.470      3.307   0.0     0.3897
 15.480      2.548   0.0     0.3888
 15.490      1.723   0.0     0.3876
 15.500      0.863   0.0     0.3869
 15.510      0.000   0.0     0.3869
 15.520     -0.838   0.0     0.3877
 15.530     -1.626   0.0     0.3889
 15.540     -2.346   0.0     0.3897
 15.550     -2.987   0.0     0.3898
 15.560     -3.544   0.0     0.3890
 15.570     -4.020   0.0     0.3879
 15.580     -4.422   0.0     0.3871
 15.590     -4.759   0.0     0.3870
 15.600     -5.045   0.0     0.3876
 15.610     -5.292   0.0     0.3887
 15.620     -5.509   0.0     0.3895
 15.630     -5.702   0.0     0.3896
 15.640     -5.875   0.0     0.3890
 15.650     -6.025   0.0     0.3881
 15.660     -6.148   0.0     0.3873
 15.670     -6.236   0.0     0.3871
 15.680     -6.280   0.0     0.3876
 15.690     -6.270   0.0     0.3885
 15.700     -6.199   0.0     0.3891
 15.710     -6.063   0.0     0.3893
 15.720     -5.859   0.0     0.3889
 15.730     -5.591   0.0     0.3882
 15.740     -5.265   0.0     0.3876
 15.750     -4.891   0.0     0.3875
 15.760     -4.483   0.0     0.3879
 15.770     -4.054   0.0     0.3885
 15.780     -3.620   0.0     0.3890
 15.790     -3.196   0.0     0.3891
 15.800     -2.797   0.0     0.3888
 15.810     -2.433   0.0     0.3882
 15.820     -2.114   0.0     0.3878
 15.830     -1.844   0.0     0.3877
 15.840     -1.626   0.0     0.3880
 15.850     -1.458   0.0     0.3884
 15.860     -1.335   0.0     0.3887
 15.870     -1.250   0.0     0.3887
 15.880     -1.193   0.0     0.3884
 15.890     -1.152   0.0     0.3881
 15.900     -1.115   0.0     0.3880
 15.910     -1.072   0.0     0.3882
 15.920     -1.012   0.0     0.3885
 15.930     -0.927   0.0     0.3887
 15.940     -0.814   0.0     0.3887
 15.950     -0.672   0.0     0.3884
 15.960     -0.503   0.0     0.3880
 15.970     -0.317   0.0     0.3878
 15.980     -0.121   0.0     0.3879
 15.990      0.070   0.0     0.3883
 16.000      0.246   0.0     0.3887
 16.010      0.394   0.0     0.3889
 16.020      0.508   0.0     0.3887
 16.030      0.583   0.0     0.3883
 16.040      0.623   0.0     0.3878
 16.050      0.637   0.0     0.3876
 16.060      0.639   0.0     0.3878
 16.070      0.648   0.0     0.3883
 16.080      0.686   0.0     0.3889
 16.090      0.775   0.0     0.3891
 16.100      0.934   0.0     0.3888
 16.110      1.174   0.0     0.3883
 16.120      1.500   0.0     0.3877
 16.130      1.907   0.0     0.3875
 16.140      2.377   0.0     0.3878
 16.150      2.883   0.0     0.3884
 16.160      3.393   0.0     0.3889
 16.170      3.867   0.0     0.3891
 16.180      4.265   0.0     0.3888
 16.190      4.552   0.0     0.3881
 16.200      4.703   0.0     0.3876
 16.210      4.704   0.0     0.3876
 16.220      4.555   0.0     0.3880
 16.230      4.275   0.0     0.3886
 16.240      3.895   0.0     0.3892
 16.250      3.463   0.0     0.3892
 16.260      3.032   0.0     0.3887
 16.270      2.660   0.0     0.3879
 16.280      2.404   0.0     0.3873
 16.290      2.309   0.0     0.3873
 16.300      2.409   0.0     0.3878
 16.310      2.720   0.0     0.3887
 16.320      3.238   0.0     0.3893
 16.330      3.939   0.0     0.3894
 16.340      4.783   0.0     0.3888
 16.350      5.716   0.0     0.3879
 16.360      6.673   0.0     0.3872
 16.370      7.590   0.0     0.3871
 16.380      8.405   0.0     0.3877
 16.390      9.064   0.0     0.3887
 16.400      9.526   0.0     0.3894
 16.410      9.768   0.0     0.3895
 16.420      9.781   0.0     0.3889
 16.430      9.573   0.0     0.3880
 16.440      9.164   0.0     0.3872
 16.450      8.584   0.0     0.3871
 16.460      7.869   0.0     0.3877
 16.470      7.054   0.0     0.3887
 16.480      6.175   0.0     0.3895
 16.490      5.260   0.0     0.3896
 16.500      4.332   0.0     0.3889
 16.510      3.407   0.0     0.3879
 16.520      2.496   0.0     0.3871
 16.530      1.607   0.0     0.3869
 16.540      0.745   0.0     0.3876
 16.550     -0.082   0.0     0.3886
 16.560     -0.866   0.0     0.3895
 16.570     -1.593   0.0     0.3897
 16.580     -2.245   0.0     0.3892
 16.590     -2.804   0.0     0.3881
 16.600     -3.247   0.0     0.3872
 16.610     -3.556   0.0     0.3869
 16.620     -3.715   0.0     0.3873
 16.630     -3.715   0.0     0.3883
 16.640     -3.555   0.0     0.3892
 16.650     -3.245   0.0     0.3895
 16.660     -2.802   0.0     0.3891
 16.670     -2.251   0.0     0.3883
 16.680     -1.625   0.0     0.3875
 16.690     -0.957   0.0     0.3872
 16.700     -0.284   0.0     0.3875
 16.710      0.362   0.0     0.3882
 16.720      0.953   0.0     0.3889
 16.730      1.466   0.0     0.3892
 16.740      1.887   0.0     0.3890
 16.750      2.205   0.0     0.3884
 16.760      2.419   0.0     0.3878
 16.770      2.526   0.0     0.3876
 16.780      2.531   0.0     0.3878
 16.790      2.434   0.0     0.3883
 16.800      2.237   0.0     0.3888
 16.810      1.940   0.0     0.3889
 16.820      1.544   0.0     0.3886
 16.830      1.047   0.0     0.3881
 16.840      0.452   0.0     0.3878
 16.850     -0.238   0.0     0.3878
 16.860     -1.012   0.0     0.3881
 16.870     -1.853   0.0     0.3885
 16.880     -2.739   0.0     0.3888
 16.890     -3.638   0.0     0.3888
 16.900     -4.518   0.0     0.3884
 16.910     -5.341   0.0     0.3880
 16.920     -6.070   0.0     0.3878
 16.930     -6.673   0.0     0.3879
 16.940     -7.123   0.0     0.3883
 16.950     -7.402   0.0     0.3888
 16.960     -7.506   0.0     0.3890
 16.970     -7.438   0.0     0.3888
 16.980     -7.215   0.0     0.3883
 16.990     -6.861   0.0     0.3878
 17.000     -6.409   0.0     0.3877
 17.010     -5.892   0.0     0.3879
 17.020     -5.345   0.0     0.3884
 17.030     -4.800   0.0     0.3888
 17.040     -4.283   0.0     0.3889
 17.050     -3.814   0.0     0.3887
 17.060     -3.404   0.0     0.3882
 17.070     -3.059   0.0     0.3877
 17.080     -2.778   0.0     0.3876
 17.090     -2.555   0.0     0.3879
 17.100     -2.382   0.0     0.3885
 17.110     -2.252   0.0     0.3889
 17.120     -2.156   0.0     0.3890
 17.130     -2.088   0.0     0.3887
 17.140     -2.041   0.0     0.3881
 17.150     -2.012   0.0     0.3877
 17.160     -1.994   0.0     0.3876
 17.170     -1.983   0.0     0.3879
 17.180     -1.968   0.0     0.3884
 17.190     -1.940   0.0     0.3889
 17.200     -1.884   0.0     0.3890
 17.210     -1.787   0.0     0.3887
 17.220     -1.634   0.0     0.3882
 17.230     -1.412   0.0     0.3878
 17.240     -1.113   0.0     0.3877
 17.250     -0.734   0.0     0.3879
 17.260     -0.281   0.0     0.3883
 17.270      0.233   0.0     0.3887
 17.280      0.788   0.0     0.3888
 17.290      1.355   0.0     0.3885
 17.300      1.905   0.0     0.3882
 17.310      2.404   0.0     0.3880
 17.320      2.824   0.0     0.3880
 17.330      3.141   0.0     0.3883
 17.340      3.340   0.0     0.3886
 17.350      3.415   0.0     0.3886
 17.360      3.374   0.0     0.3884
 17.370      3.231   0.0     0.3881
 17.380      3.011   0.0     0.3878
 17.390      2.742   0.0     0.3879
 17.400      2.455   0.0     0.3882
 17.410      2.179   0.0     0.3887
 17.420      1.939   0.0     0.3891
 17.430      1.749   0.0     0.3890
 17.440      1.619   0.0     0.3886
 17.450      1.545   0.0     0.3880
 17.460      1.518   0.0     0.3875
 17.470      1.523   0.0     0.3875
 17.480      1.541   0.0     0.3879
 17.490      1.553   0.0     0.3886
 17.500      1.543   0.0     0.3891
 17.510      1.497   0.0     0.3892
 17.520      1.411   0.0     0.3888
 17.530      1.282   0.0     0.3881
 17.540      1.116   0.0     0.3876
 17.550      0.920   0.0     0.3874
 17.560      0.704   0.0     0.3878
 17.570      0.474   0.0     0.3885
 17.580      0.237   0.0     0.3891
 17.590     -0.008   0.0     0.3892
 17.600     -0.262   0.0     0.3888
 17.610     -0.532   0.0     0.3882
 17.620     -0.826   0.0     0.3876
 17.630     -1.150   0.0     0.3875
 17.640     -1.509   0.0     0.3879
 17.650     -1.899   0.0     0.3885
 17.660     -2.312   0.0     0.3890
 17.670     -2.728   0.0     0.3891
 17.680     -3.124   0.0     0.3887
 17.690     -3.468   0.0     0.3880
 17.700     -3.728   0.0     0.3875
 17.710     -3.873   0.0     0.3875
 17.720     -3.880   0.0     0.3879
 17.730     -3.733   0.0     0.3886
 17.740     -3.432   0.0     0.3891
 17.750     -2.991   0.0     0.3892
 17.760     -2.437   0.0     0.3887
 17.770     -1.815   0.0     0.3880
 17.780     -1.175   0.0     0.3875
 17.790     -0.575   0.0     0.3874
 17.800     -0.071   0.0     0.3878
 17.810      0.286   0.0     0.3886
 17.820      0.458   0.0     0.3891
 17.830      0.422   0.0     0.3892
 17.840      0.172   0.0     0.3888
 17.850     -0.280   0.0     0.3881
 17.860     -0.905   0.0     0.3874
 17.870     -1.661   0.0     0.3873
 17.880     -2.499   0.0     0.3876
 17.890     -3.365   0.0     0.3883
 17.900     -4.209   0.0     0.3890
 17.910     -4.990   0.0     0.3892
 17.920     -5.675   0.0     0.3890
 17.930     -6.245   0.0     0.3884
 17.940     -6.696   0.0     0.3879
 17.950     -7.033   0.0     0.3876
 17.960     -7.272   0.0     0.3878
 17.970     -7.433   0.0     0.3882
 17.980     -7.537   0.0     0.3886
 17.990     -7.601   0.0     0.3888
 18.000     -7.636   0.0     0.3887
 18.010     -7.645   0.0     0.3884
 18.020     -7.622   0.0     0.3880
 18.030     -7.552   0.0     0.3879
 18.040     -7.416   0.0     0.3880
 18.050     -7.193   0.0     0.3883
 18.060     -6.860   0.0     0.3885
 18.070     -6.403   0.0     0.3885
 18.080     -5.814   0.0     0.3884
 18.090     -5.095   0.0     0.3882
 18.100     -4.262   0.0     0.3881
 18.110     -3.338   0.0     0.3881
 18.120     -2.357   0.0     0.3883
 18.130     -1.360   0.0     0.3885
 18.140     -0.390   0.0     0.3886
 18.150      0.511   0.0     0.3885
 18.160      1.306   0.0     0.3882
 18.170      1.964   0.0     0.3880
 18.180      2.464   0.0     0.3880
 18.190      2.797   0.0     0.3881
 18.200      2.963   0.0     0.3884
 18.210      2.973   0.0     0.3885
 18.220      2.847   0.0     0.3885
 18.230      2.610   0.0     0.3884
 18.240      2.291   0.0     0.3881
 18.250      1.920   0.0     0.3880
 18.260      1.528   0.0     0.3881
 18.270      1.141   0.0     0.3883
 18.280      0.785   0.0     0.3886
 18.290      0.477   0.0     0.3887
 18.300      0.233   0.0     0.3887
 18.310      0.062   0.0     0.3884
 18.320     -0.031   0.0     0.3880
 18.330     -0.044   0.0     0.3878
 18.340      0.020   0.0     0.3879
 18.350      0.156   0.0     0.3881
 18.360      0.356   0.0     0.3884
 18.370      0.611   0.0     0.3886
 18.380      0.909   0.0     0.3886
 18.390      1.241   0.0     0.3884
 18.400      1.594   0.0     0.3882
 18.410      1.958   0.0     0.3881
 18.420      2.326   0.0     0.3881
 18.430      2.688   0.0     0.3883
 18.440      3.039   0.0     0.3884
 18.450      3.377   0.0     0.3885
 18.460      3.698   0.0     0.3884
 18.470      4.001   0.0     0.3883
 18.480      4.287   0.0     0.3882
 18.490      4.555   0.0     0.3882
 18.500      4.802   0.0     0.3883
 18.510      5.026   0.0     0.3885
 18.520      5.224   0.0     0.3885
 18.530      5.392   0.0     0.3883
 18.540      5.524   0.0     0.3881
 18.550      5.617   0.0     0.3879
 18.560      5.670   0.0     0.3880
 18.570      5.684   0.0     0.3883
 18.580      5.664   0.0     0.3887
 18.590      5.619   0.0     0.3889
 18.600      5.563   0.0     0.3888
 18.610      5.512   0.0     0.3885
 18.620      5.482   0.0     0.3880
 18.630      5.491   0.0     0.3877
 18.640      5.551   0.0     0.3877
 18.650      5.672   0.0     0.3881
 18.660      5.854   0.0     0.3887
 18.670      6.091   0.0     0.3891
 18.680      6.366   0.0     0.3890
 18.690      6.658   0.0     0.3886
 18.700      6.937   0.0     0.3880
 18.710      7.173   0.0     0.3875
 18.720      7.334   0.0     0.3875
 18.730      7.395   0.0     0.3880
 18.740      7.336   0.0     0.3886
 18.750      7.146   0.0     0.3891
 18.760      6.828   0.0     0.3891
 18.770      6.394   0.0     0.3886
 18.780      5.866   0.0     0.3879
 18.790      5.274   0.0     0.3874
 18.800      4.651   0.0     0.3874
 18.810      4.029   0.0     0.3880
 18.820      3.436   0.0     0.3889
 18.830      2.894   0.0     0.3895
 18.840      2.414   0.0     0.3895
 18.850      1.995   0.0     0.3888
 18.860      1.628   0.0     0.3878
 18.870      1.294   0.0     0.3871
 18.880      0.972   0.0     0.3869
 18.890      0.637   0.0     0.3875
 18.900      0.271   0.0     0.3886
 18.910     -0.140   0.0     0.3895
 18.920     -0.598   0.0     0.3898
 18.930     -1.094   0.0     0.3893
 18.940     -1.610   0.0     0.3883
 18.950     -2.120   0.0     0.3874
 18.960     -2.589   0.0     0.3870
 18.970     -2.987   0.0     0.3873
 18.980     -3.285   0.0     0.3882
 18.990     -3.461   0.0     0.3891
 19.000     -3.509   0.0     0.3895
 19.010     -3.433   0.0     0.3893
 19.020     -3.251   0.0     0.3885
 19.030     -2.994   0.0     0.3877
 19.040     -2.698   0.0     0.3873
 19.050     -2.405   0.0     0.3875
 19.060     -2.155   0.0     0.3881
 19.070     -1.978   0.0     0.3889
 19.080     -1.897   0.0     0.3893
 19.090     -1.918   0.0     0.3891
 19.100     -2.035   0.0     0.3885
 19.110     -2.225   0.0     0.3878
 19.120     -2.459   0.0     0.3875
 19.130     -2.698   0.0     0.3876
 19.140     -2.906   0.0     0.3881
 19.150     -3.048   0.0     0.3887
 19.160     -3.100   0.0     0.3890
 19.170     -3.051   0.0     0.3889
 19.180     -2.903   0.0     0.3884
 19.190     -2.672   0.0     0.3879
 19.200     -2.386   0.0     0.3876
 19.210     -2.078   0.0     0.3877
 19.220     -1.787   0.0     0.3882
 19.230     -1.545   0.0     0.3886
 19.240     -1.379   0.0     0.3888
 19.250     -1.303   0.0     0.3887
 19.260     -1.319   0.0     0.3884
 19.270     -1.415   0.0     0.3881
 19.280     -1.565   0.0     0.3880
 19.290     -1.737   0.0     0.3881
 19.300     -1.894   0.0     0.3884
 19.310     -2.001   0.0     0.3886
 19.320     -2.026   0.0     0.3885
 19.330     -1.950   0.0     0.3884
 19.340     -1.765   0.0     0.3881
 19.350     -1.475   0.0     0.3881
 19.360     -1.094   0.0     0.3882
 19.370     -0.648   0.0     0.3884
 19.380     -0.165   0.0     0.3886
 19.390      0.327   0.0     0.3886
 19.400      0.802   0.0     0.3883
 19.410      1.245   0.0     0.3879
 19.420      1.648   0.0     0.3877
 19.430      2.014   0.0     0.3878
 19.440      2.353   0.0     0.3883
 19.450      2.684   0.0     0.3888
 19.460      3.024   0.0     0.3892
 19.470      3.391   0.0     0.3891
 19.480      3.794   0.0     0.3885
 19.490      4.232   0.0     0.3879
 19.500      4.693   0.0     0.3874
 19.510      5.154   0.0     0.3874
 19.520      5.582   0.0     0.3880
 19.530      5.938   0.0     0.3887
 19.540      6.182   0.0     0.3892
 19.550      6.278   0.0     0.3892
 19.560      6.200   0.0     0.3887
 19.570      5.934   0.0     0.3880
 19.580      5.482   0.0     0.3875
 19.590      4.864   0.0     0.3874
 19.600      4.113   0.0     0.3878
 19.610      3.274   0.0     0.3885
 19.620      2.399   0.0     0.3890
 19.630      1.541   0.0     0.3891
 19.640      0.747   0.0     0.3886
 19.650      0.055   0.0     0.3880
 19.660     -0.511   0.0     0.3876
 19.670     -0.946   0.0     0.3876
 19.680     -1.257   0.0     0.3880
 19.690     -1.468   0.0     0.3886
 19.700     -1.611   0.0     0.3890
 19.710     -1.725   0.0     0.3889
 19.720     -1.845   0.0     0.3884
 19.730     -2.006   0.0     0.3878
 19.740     -2.228   0.0     0.3875
 19.750     -2.522   0.0     0.3877
 19.760     -2.883   0.0     0.3883
 19.770     -3.296   0.0     0.3890
 19.780     -3.734   0.0     0.3892
 19.790     -4.164   0.0     0.3889
 19.800     -4.555   0.0     0.3882
 19.810     -4.876   0.0     0.3875
 19.820     -5.103   0.0     0.3872
 19.830     -5.223   0.0     0.3876
 19.840     -5.233   0.0     0.3883
 19.850     -5.141   0.0     0.3891
 19.860     -4.962   0.0     0.3894
 19.870     -4.719   0.0     0.3890
 19.880     -4.434   0.0     0.3881
 19.890     -4.128   0.0     0.3873
 19.900     -3.819   0.0     0.3871
 19.910     -3.514   0.0     0.3875
 19.920     -3.216   0.0     0.3885
 19.930     -2.918   0.0     0.3894
 19.940     -2.610   0.0     0.3897
 19.950     -2.278   0.0     0.3893
 19.960     -1.908   0.0     0.3884
 19.970     -1.492   0.0     0.3874
 19.980     -1.029   0.0     0.3869
 19.990     -0.523   0.0     0.3873
 20.000      0.009   0.0     0.3882
